	sequences per sample	iteration	515rcbc12	515rcbc21	515rcbc17	515rcbc34	515rcbc33	515rcbc31	515rcbc20	515rcbc15	515rcbc26	515rcbc22	515rcbc37	515rcbc24	515rcbc18	515rcbc35	515rcbc11	515rcbc27	515rcbc30	515rcbc13	515rcbc9	515rcbc28	515rcbc23	515rcbc32	515rcbc16	515rcbc19	515rcbc29	515rcbc14	515rcbc10	515rcbc8	515rcbc25	515rcbc36
alpha_rarefaction_10_0.txt	10	0	55.0	55.0	55.0	55.0	55.0	55.0	55.0	55.0	23.0	55.0	55.0	55.0	55.0	55.0	23.0	55.0	55.0	55.0	55.0	55.0	55.0	55.0	23.0	55.0	55.0	55.0	23.0	55.0	23.0	55.0
alpha_rarefaction_10_1.txt	10	1	55.0	55.0	55.0	55.0	55.0	55.0	55.0	23.0	23.0	55.0	55.0	23.0	23.0	23.0	55.0	55.0	55.0	55.0	55.0	23.0	55.0	55.0	23.0	55.0	55.0	13.0	55.0	55.0	23.0	55.0
alpha_rarefaction_10_2.txt	10	2	55.0	55.0	55.0	29.0	23.0	55.0	55.0	55.0	55.0	55.0	55.0	55.0	55.0	55.0	23.0	55.0	55.0	55.0	55.0	55.0	55.0	55.0	55.0	55.0	55.0	55.0	55.0	55.0	55.0	55.0
alpha_rarefaction_10_3.txt	10	3	55.0	55.0	55.0	55.0	23.0	55.0	55.0	55.0	23.0	55.0	55.0	55.0	55.0	55.0	23.0	55.0	55.0	55.0	55.0	55.0	55.0	55.0	23.0	55.0	23.0	55.0	55.0	55.0	55.0	55.0
alpha_rarefaction_10_4.txt	10	4	55.0	23.0	23.0	55.0	23.0	55.0	55.0	55.0	23.0	55.0	23.0	55.0	55.0	55.0	55.0	55.0	55.0	55.0	55.0	23.0	55.0	55.0	55.0	23.0	55.0	55.0	55.0	23.0	23.0	23.0
alpha_rarefaction_10_5.txt	10	5	55.0	55.0	55.0	55.0	55.0	55.0	55.0	55.0	55.0	55.0	55.0	55.0	55.0	55.0	23.0	23.0	55.0	55.0	55.0	55.0	55.0	55.0	55.0	55.0	55.0	55.0	23.0	55.0	23.0	55.0
alpha_rarefaction_10_6.txt	10	6	55.0	55.0	55.0	55.0	55.0	55.0	23.0	55.0	55.0	23.0	55.0	55.0	55.0	55.0	55.0	55.0	55.0	23.0	55.0	55.0	23.0	55.0	55.0	23.0	55.0	55.0	55.0	55.0	23.0	55.0
alpha_rarefaction_10_7.txt	10	7	23.0	55.0	55.0	55.0	23.0	55.0	55.0	55.0	13.0	55.0	55.0	23.0	55.0	23.0	55.0	55.0	55.0	55.0	23.0	23.0	55.0	23.0	23.0	55.0	55.0	23.0	55.0	55.0	23.0	55.0
alpha_rarefaction_10_8.txt	10	8	55.0	55.0	55.0	55.0	55.0	55.0	55.0	55.0	23.0	55.0	23.0	55.0	55.0	55.0	13.0	55.0	55.0	55.0	55.0	55.0	55.0	55.0	55.0	55.0	55.0	29.0	13.0	55.0	55.0	23.0
alpha_rarefaction_10_9.txt	10	9	23.0	55.0	23.0	55.0	55.0	55.0	55.0	55.0	23.0	55.0	55.0	55.0	55.0	55.0	23.0	55.0	55.0	55.0	55.0	55.0	23.0	55.0	55.0	23.0	55.0	55.0	23.0	55.0	55.0	55.0
alpha_rarefaction_71_0.txt	71	0	457.6	283.0	313.0	219.375	632.333333333	417.75	240.875	208.333333333	283.0	457.6	419.0	329.0	419.0	283.0	257.857142857	283.0	393.6	675.0	381.2	339.5	538.75	369.0	393.6	457.6	806.0	381.2	283.0	674.0	154.0	211.666666667
alpha_rarefaction_71_1.txt	71	1	1140.5	717.0	309.428571429	324.2	858.0	309.428571429	208.333333333	371.0	491.75	538.75	675.0	654.0	457.6	161.545454545	491.75	475.25	257.857142857	860.0	234.0	457.6	309.428571429	1074.0	588.0	283.0	1042.5	482.0	199.8	308.5	374.75	198.0
alpha_rarefaction_71_2.txt	71	2	588.0	371.0	419.0	309.428571429	654.0	269.5	257.857142857	457.6	329.0	302.0	491.75	309.5	309.428571429	491.75	593.0	339.5	274.142857143	309.428571429	263.5	949.0	299.5	283.0	323.2	371.0	1243.0	299.5	522.5	329.0	695.333333333	233.25
alpha_rarefaction_71_3.txt	71	3	1140.5	283.0	371.0	309.5	411.333333333	308.5	263.5	263.5	806.0	538.75	739.0	283.0	739.0	370.0	334.6	382.2	228.0	457.6	274.142857143	257.857142857	382.2	402.5	695.333333333	2347.0	419.0	393.6	233.25	358.0	1074.0	363.25
alpha_rarefaction_71_4.txt	71	4	339.5	588.0	739.0	240.875	632.333333333	457.6	309.5	806.0	419.0	283.0	371.0	257.857142857	233.25	739.0	522.5	538.75	283.0	283.0	339.5	370.0	538.75	358.0	388.5	476.25	263.5	431.25	538.75	309.428571429	381.2	309.428571429
alpha_rarefaction_71_5.txt	71	5	588.0	309.428571429	182.5	717.0	369.0	334.6	274.142857143	419.0	283.0	538.75	588.0	381.2	371.0	236.166666667	404.5	538.75	265.428571429	339.5	347.2	339.5	614.0	208.333333333	432.25	806.0	614.0	594.0	447.0	318.666666667	249.428571429	160.111111111
alpha_rarefaction_71_6.txt	71	6	371.0	419.0	419.0	309.428571429	283.0	491.75	406.2	538.75	289.666666667	283.0	371.0	1042.5	717.0	182.5	388.5	739.0	210.428571429	506.5	176.6	419.0	457.6	265.428571429	358.0	257.857142857	382.2	406.2	393.6	457.6	887.5	235.166666667
alpha_rarefaction_71_7.txt	71	7	299.5	263.5	257.857142857	419.0	280.0	339.5	283.0	654.0	240.875	335.6	588.0	675.0	457.6	147.0	283.0	263.5	536.0	806.0	339.5	309.428571429	917.5	299.5	538.75	309.428571429	309.5	358.0	888.5	1243.0	381.2	205.0
alpha_rarefaction_71_8.txt	71	8	588.0	675.0	1243.0	491.75	369.0	393.6	283.0	675.0	447.0	335.6	240.875	370.0	588.0	240.875	252.0	283.0	335.6	419.0	538.75	446.0	263.5	446.0	806.0	419.0	371.0	283.0	1010.5	309.5	361.25	160.111111111
alpha_rarefaction_71_9.txt	71	9	457.6	370.0	588.0	183.333333333	445.0	522.5	588.0	228.0	271.5	522.5	263.5	252.0	339.5	145.3	371.0	2279.0	371.0	406.2	208.333333333	695.333333333	675.0	249.428571429	318.666666667	419.0	406.2	149.6	263.5	406.2	490.75	177.111111111
alpha_rarefaction_132_0.txt	132	0	553.75	418.1875	608.0	439.75	581.333333333	535.8	512.230769231	1042.14285714	407.583333333	429.928571429	623.909090909	825.875	483.083333333	418.909090909	534.272727273	868.375	494.909090909	649.6	747.111111111	491.0	613.363636364	408.0	579.5	711.111111111	369.117647059	650.6	437.714285714	911.0	399.5	539.111111111
alpha_rarefaction_132_1.txt	132	1	620.583333333	812.625	296.476190476	526.5	416.909090909	592.666666667	696.8	411.0625	356.461538462	619.0	630.1	480.272727273	698.666666667	545.25	482.083333333	685.1	545.1	825.875	1025.0	392.5	512.230769231	523.545454545	524.5	473.25	640.3	703.125	415.076923077	423.214285714	691.0	320.076923077
alpha_rarefaction_132_2.txt	132	2	591.583333333	545.1	492.214285714	431.333333333	625.333333333	742.857142857	563.333333333	402.4	332.428571429	456.0	685.1	326.555555556	770.625	692.0	639.75	1340.0	524.6	535.272727273	506.363636364	697.666666667	697.666666667	607.0	376.615384615	1156.0	593.545454545	523.545454545	756.875	678.0	507.083333333	533.75
alpha_rarefaction_132_3.txt	132	3	711.111111111	503.461538462	315.0	517.25	326.909090909	592.666666667	798.5	619.0	553.75	640.75	748.111111111	487.153846154	864.428571429	518.666666667	563.333333333	512.230769231	739.0	535.833333333	608.0	365.071428571	399.5	490.0	818.142857143	651.6	640.3	485.545454545	623.909090909	797.5	534.8	432.333333333
alpha_rarefaction_132_4.txt	132	4	525.545454545	593.545454545	377.75	371.625	350.0	879.142857143	431.0	613.363636364	454.461538462	596.1	452.666666667	629.25	912.0	439.75	615.666666667	685.1	430.0	685.333333333	495.909090909	461.769230769	503.461538462	626.333333333	524.6	663.0	619.0	409.363636364	534.272727273	606.0	437.076923077	437.333333333
alpha_rarefaction_132_5.txt	132	5	586.3	692.0	400.5	730.428571429	390.545454545	582.333333333	583.272727273	445.571428571	641.75	496.909090909	587.3	415.75	975.428571429	418.909090909	717.375	623.909090909	461.769230769	465.5	526.5	884.0	408.230769231	417.909090909	662.0	544.25	926.142857143	504.363636364	722.666666667	494.769230769	462.5	444.0
alpha_rarefaction_132_6.txt	132	6	492.214285714	445.571428571	516.5	400.5	757.428571429	595.1	655.090909091	910.0	550.0	574.6	722.666666667	456.833333333	430.866666667	408.583333333	797.5	583.272727273	597.1	293.045454545	438.076923077	355.4	359.3125	628.1	472.25	414.076923077	535.833333333	381.0	473.25	755.875	613.666666667	501.0
alpha_rarefaction_132_7.txt	132	7	475.066666667	623.909090909	544.090909091	497.909090909	601.625	473.25	638.111111111	359.3125	468.571428571	689.0	773.0	439.75	1008.0	500.0	444.230769231	563.0	496.909090909	364.9375	429.928571429	565.0	651.6	385.714285714	613.363636364	716.375	719.5	493.6	650.0	470.153846154	824.875	308.1
alpha_rarefaction_132_8.txt	132	8	563.333333333	445.230769231	381.0	555.5	375.090909091	437.75	538.0	423.4	470.090909091	473.25	735.333333333	769.5	651.6	399.5	486.153846154	767.1	775.142857143	535.833333333	758.428571429	486.545454545	563.0	665.125	438.75	462.769230769	638.111111111	525.5	553.0	394.545454545	648.0	280.875
alpha_rarefaction_132_9.txt	132	9	563.333333333	911.0	608.0	561.0	1079.0	526.5	398.0	529.0	369.066666667	601.909090909	663.0	1100.0	840.25	540.111111111	436.076923077	583.272727273	666.125	499.0	534.8	465.5	583.272727273	703.125	830.5	748.111111111	640.3	651.375	524.545454545	399.461538462	638.111111111	292.214285714
alpha_rarefaction_193_0.txt	193	0	1362.5	714.9375	755.769230769	423.916666667	708.5	695.375	778.875	568.714285714	465.05	873.615384615	877.8125	861.153846154	688.1875	284.53125	582.666666667	570.416666667	605.882352941	571.136363636	590.5	669.0	908.461538462	460.619047619	595.315789474	536.0	1267.6	595.588235294	508.285714286	513.235294118	503.0	406.0
alpha_rarefaction_193_1.txt	193	1	944.0	750.882352941	475.714285714	780.0	716.666666667	524.588235294	910.75	686.166666667	573.25	1038.15384615	861.0	730.75	807.5	395.0	602.882352941	673.352941176	721.5	430.888888889	712.9375	663.666666667	589.3	811.714285714	561.833333333	966.214285714	673.0	885.909090909	612.052631579	740.714285714	751.769230769	396.789473684
alpha_rarefaction_193_2.txt	193	2	826.352941176	699.0	897.583333333	1174.0	466.75	750.928571429	569.714285714	742.714285714	439.75	693.833333333	877.071428571	711.9375	752.928571429	475.052631579	439.954545455	931.5	773.571428571	715.473684211	689.058823529	876.071428571	654.882352941	543.75	1158.1	665.588235294	703.625	720.666666667	564.833333333	882.5	437.75	409.047619048
alpha_rarefaction_193_3.txt	193	3	716.473684211	598.142857143	643.157894737	441.576923077	1055.5	646.2	500.636363636	742.588235294	757.083333333	728.4	886.153846154	694.866666667	1353.33333333	825.333333333	530.3	620.0	478.5	474.545454545	643.5	608.3125	552.0	804.25	770.571428571	995.25	769.647058824	1145.0	527.0	796.0	684.1875	325.333333333
alpha_rarefaction_193_4.txt	193	4	1059.25	551.0	672.352941176	740.2	1125.0	438.0	902.545454545	612.25	420.5	712.9375	518.681818182	494.714285714	675.105263158	581.555555556	554.260869565	787.6875	653.882352941	533.0	547.142857143	484.3	1160.1	478.166666667	1027.90909091	668.0	589.714285714	618.833333333	617.833333333	618.833333333	525.5	475.882352941
alpha_rarefaction_193_5.txt	193	5	1020.0	1015.15384615	1222.5	641.1875	941.75	699.571428571	567.473684211	760.235294118	521.0	770.0	704.4	703.4	688.1875	510.0	833.214285714	542.047619048	412.5	839.866666667	905.75	625.8	1161.1	644.5	786.6875	446.24	583.333333333	386.25	873.615384615	741.714285714	549.368421053	451.9375
alpha_rarefaction_193_6.txt	193	6	664.55	664.588235294	575.25	1001.5	878.1	469.75	596.315789474	732.75	526.5	759.0	585.454545455	453.454545455	991.461538462	468.142857143	649.0625	622.647058824	964.111111111	605.272727273	549.058823529	656.4	708.0	975.272727273	525.0	778.875	1072.5	550.368421053	748.8125	595.5	500.875	402.0625
alpha_rarefaction_193_7.txt	193	7	908.3125	823.428571429	644.666666667	1045.08333333	611.235294118	624.625	431.75	546.75	629.0	625.625	611.052631579	552.368421053	750.8125	491.647058824	657.526315789	823.428571429	549.333333333	689.058823529	976.272727273	722.153846154	876.363636364	751.928571429	546.333333333	768.125	538.5	646.235294118	675.105263158	982.5	532.352941176	818.076923077
alpha_rarefaction_193_8.txt	193	8	895.769230769	693.833333333	714.9375	479.5	465.157894737	482.3	613.666666667	500.476190476	675.0	788.2	769.0	827.333333333	554.285714286	567.125	487.0	789.2	594.4	435.772727273	525.15	751.769230769	1423.33333333	849.75	697.0	754.055555556	759.4375	1000.5	385.076923077	629.117647059	541.666666667	480.2
alpha_rarefaction_193_9.txt	193	9	708.0	522.565217391	605.555555556	614.235294118	534.352941176	739.714285714	412.032258065	570.136363636	1014.6	874.615384615	781.555555556	720.666666667	863.153846154	743.153846154	897.769230769	799.4	722.545454545	943.0	620.833333333	514.142857143	781.0	550.368421053	595.315789474	913.0	1083.0	1055.27272727	626.8	614.235294118	702.555555556	296.115384615
alpha_rarefaction_254_0.txt	254	0	1024.47619048	910.105263158	674.6	620.25	690.954545455	868.333333333	569.5	734.64	823.315789474	782.619047619	706.0	657.12	704.807692308	580.833333333	730.260869565	842.285714286	574.8	772.043478261	639.777777778	577.0	747.043478261	633.037037037	754.44	779.6	862.3	645.04	885.047619048	1071.2	659.222222222	546.055555556
alpha_rarefaction_254_1.txt	254	1	834.956521739	772.043478261	634.037037037	648.555555556	603.444444444	534.565217391	670.4	787.5	677.142857143	856.047619048	628.333333333	628.333333333	870.454545455	550.64	754.772727273	1131.64705882	711.25	822.714285714	944.9	672.5	803.652173913	676.391304348	640.777777778	1065.36842105	886.047619048	762.714285714	575.8	699.576923077	957.117647059	565.285714286
alpha_rarefaction_254_2.txt	254	2	663.222222222	810.913043478	724.434782609	630.137931034	923.5	782.75	526.433333333	784.619047619	787.0	959.117647059	895.142857143	565.166666667	617.275862069	661.476190476	998.588235294	720.384615385	698.0	821.5	1134.07142857	790.142857143	625.576923077	583.538461538	789.142857143	775.541666667	883.047619048	571.533333333	754.916666667	723.434782609	685.65	469.142857143
alpha_rarefaction_254_3.txt	254	3	809.625	987.666666667	641.777777778	573.032258065	539.2	1015.1875	696.75	569.096774194	686.956521739	934.3	654.275862069	868.894736842	839.285714286	442.84	722.5	794.5	660.476190476	652.038461538	955.052631579	717.142857143	833.476190476	594.75	868.894736842	857.0	1112.75	994.0	796.714285714	601.6	701.894736842	436.916666667
alpha_rarefaction_254_4.txt	254	4	672.6	632.357142857	674.6	659.875	657.5	830.526315789	558.533333333	766.714285714	517.84	857.047619048	678.357142857	967.647058824	671.4	664.391304348	1083.35294118	854.954545455	501.111111111	635.620689655	555.037037037	833.476190476	726.12	663.24	727.476190476	824.714285714	918.25	1143.33333333	676.037037037	851.869565217	814.0	717.625
alpha_rarefaction_254_5.txt	254	5	1059.55555556	651.285714286	815.0	966.25	588.115384615	590.25	498.870967742	733.666666667	883.047619048	622.576923077	744.333333333	776.05	677.357142857	616.260869565	702.8	816.0	763.0	1024.78947368	530.5	641.217391304	1157.55555556	608.076923077	972.0	906.0	1049.83333333	933.235294118	533.5	630.357142857	766.4	516.272727273
alpha_rarefaction_254_6.txt	254	6	677.357142857	733.64	603.888888889	701.217391304	632.913043478	841.789473684	570.096774194	509.757575758	707.636363636	817.05	843.391304348	723.5	1252.2	627.333333333	715.545454545	628.333333333	587.107142857	746.043478261	692.565217391	1196.0	787.772727273	596.24137931	685.291666667	915.0	939.333333333	642.115384615	611.076923077	651.565217391	735.3	540.2
alpha_rarefaction_254_7.txt	254	7	1114.0	715.076923077	1111.0	692.565217391	717.5	771.142857143	589.724137931	600.0	502.387096774	937.3	713.2	622.576923077	1022.47619048	692.954545455	914.789473684	742.538461538	725.9	786.260869565	808.15	955.833333333	978.235294118	723.285714286	1260.33333333	893.142857143	986.052631579	601.2	535.0	825.315789474	642.416666667	541.105263158
alpha_rarefaction_254_8.txt	254	8	880.12	819.217391304	778.130434783	796.136363636	878.75	745.636363636	499.277777778	889.894736842	753.916666667	717.384615385	833.125	717.55	894.142857143	651.565217391	738.714285714	1017.0	539.535714286	655.12	748.25	889.894736842	561.363636364	622.041666667	953.55	621.0	950.454545455	528.2	517.7	664.166666667	730.666666667	613.157894737
alpha_rarefaction_254_9.txt	254	9	998.652173913	847.272727273	648.555555556	747.125	829.526315789	925.526315789	617.7	756.5	717.142857143	824.565217391	828.565217391	727.285714286	665.0	599.454545455	833.526315789	1015.52631579	789.142857143	1041.16666667	747.043478261	852.954545455	871.791666667	545.884615385	1025.5	793.5	715.375	655.0	678.875	584.538461538	847.142857143	492.333333333
alpha_rarefaction_315_0.txt	315	0	1493.28571429	895.387096774	810.7	931.12	840.615384615	932.12	583.238095238	1087.95454545	1202.71428571	663.447368421	727.571428571	1155.33333333	1076.18181818	628.25	827.333333333	797.0	925.714285714	797.965517241	971.043478261	695.558823529	892.24137931	647.7	702.5	740.029411765	984.84	850.107142857	987.041666667	908.076923077	749.483870968	578.5
alpha_rarefaction_315_1.txt	315	1	939.103448276	740.228571429	979.538461538	977.619047619	1059.04761905	1096.55	583.512195122	817.896551724	660.567567568	737.0625	763.027777778	1084.95652174	816.896551724	631.677419355	972.12	839.1875	879.615384615	982.5	720.774193548	873.111111111	618.571428571	719.206896552	703.8	1117.38461538	997.730769231	788.964285714	988.272727273	675.052631579	533.25	665.12
alpha_rarefaction_315_2.txt	315	2	1323.4	913.517241379	732.5	806.303030303	697.823529412	795.333333333	879.538461538	772.0	784.1	884.84	696.0	1122.65217391	930.37037037	676.033333333	1081.95454545	1037.66666667	1052.65	741.903225806	820.666666667	631.428571429	852.6	682.5625	1177.83333333	1035.66666667	980.538461538	1142.31578947	666.636363636	855.451612903	819.666666667	550.2
alpha_rarefaction_315_3.txt	315	3	716.441176471	706.256410256	883.037037037	884.84	841.615384615	920.5	561.622222222	710.027027027	715.933333333	759.0	765.885714286	947.043478261	1135.80769231	1042.05882353	1085.25	723.526315789	574.428571429	684.894736842	968.0	834.0	945.615384615	762.75	762.0	690.027027027	1069.55555556	755.033333333	910.045454545	822.076923077	669.5	523.7
alpha_rarefaction_315_4.txt	315	4	823.441176471	786.0	941.64	790.37037037	753.033333333	617.03030303	491.142857143	651.916666667	563.108108108	789.1875	943.64	969.681818182	881.035714286	771.772727273	1198.58823529	853.285714286	1181.0	702.78125	812.037037037	794.09375	825.03125	591.833333333	1007.24	1354.65217391	603.275	766.0	838.730769231	722.636363636	937.230769231	594.444444444
alpha_rarefaction_315_5.txt	315	5	1137.2	741.029411765	703.6	745.757575758	1163.55555556	774.12	662.0	757.483870968	1017.5	742.756756757	992.115384615	1005.0	897.965517241	907.913043478	984.130434783	750.677419355	736.107142857	734.657894737	963.44	649.451612903	1084.0	725.076923077	699.823529412	689.527777778	951.833333333	765.206896552	678.085714286	993.888888889	694.833333333	698.105263158
alpha_rarefaction_315_6.txt	315	6	954.714285714	640.11627907	618.384615385	657.774193548	742.037037037	874.896551724	610.902439024	773.44	711.344827586	796.454545455	897.714285714	677.5625	856.0	717.0	964.5	811.916666667	689.965517241	906.037037037	834.730769231	929.260869565	1095.77272727	664.0	1080.95454545	1020.12	633.75	770.0	636.5	665.583333333	665.90625	624.24
alpha_rarefaction_315_7.txt	315	7	1048.27586207	813.181818182	633.783783784	1095.55	814.75	859.5	555.0	1124.79166667	686.9375	706.25	624.926829268	652.12195122	1134.5	744.214285714	1053.14285714	958.857142857	994.8	922.7	987.041666667	880.615384615	1031.25	599.53125	871.6	999.517241379	1330.13636364	1092.56521739	740.777777778	848.2	796.5	767.333333333
alpha_rarefaction_315_8.txt	315	8	851.161290323	853.538461538	869.129032258	785.607142857	750.538461538	795.884615385	663.5	645.171428571	815.933333333	905.037037037	1020.83333333	1018.12	681.5	987.142857143	793.965517241	833.09375	1102.9	772.363636364	703.363636364	903.037037037	861.785714286	667.37037037	1149.33333333	1401.14285714	903.724137931	937.230769231	582.394736842	814.037037037	747.677419355	509.7
alpha_rarefaction_315_9.txt	315	9	1041.25	737.567567568	633.263157895	681.894736842	850.391304348	813.307692308	619.333333333	856.137931034	677.090909091	790.636363636	881.40625	853.375	1123.79166667	782.043478261	1226.52631579	801.228571429	1198.3	825.03125	1143.8	940.64	833.0	896.884615385	1025.0	899.7	685.171428571	672.896551724	683.5	1000.4	704.037037037	796.772727273
alpha_rarefaction_376_0.txt	376	0	1370.03333333	728.357142857	776.447368421	865.285714286	1132.57692308	868.65625	724.526315789	721.341463415	1071.11538462	1101.4516129	1205.0	1227.6	1272.35714286	728.181818182	947.2	969.676470588	949.535714286	689.404255319	1060.5	1550.86956522	955.451612903	879.5	811.135135135	1011.88571429	1249.0	753.756756757	725.097560976	787.024390244	731.27027027	781.75
alpha_rarefaction_376_1.txt	376	1	857.80952381	861.219512195	756.763157895	711.976744186	816.916666667	921.823529412	720.255319149	1110.53333333	1102.03846154	966.9375	1030.09090909	933.363636364	1131.51612903	657.171428571	860.46875	868.157894737	983.0	851.923076923	856.459459459	975.677419355	861.871794872	808.777777778	888.756756757	860.5	1048.6	666.727272727	791.277777778	1202.44	773.885714286	527.025641026
alpha_rarefaction_376_2.txt	376	2	1481.53846154	891.277777778	1479.5	1229.10344828	867.181818182	872.0	696.926829268	885.731707317	1115.89655172	988.757575758	810.41025641	961.833333333	1038.03225806	657.692307692	980.529411765	945.433333333	1003.0	890.088235294	840.09375	843.0	1440.04347826	876.0	1257.88888889	1065.88571429	1018.36363636	869.171428571	1070.35714286	1030.85714286	747.243902439	649.090909091
alpha_rarefaction_376_3.txt	376	3	1059.22857143	733.666666667	960.636363636	774.447368421	1019.8125	865.777777778	610.12244898	680.06	844.09375	802.894736842	1168.36363636	877.583333333	987.757575758	992.538461538	874.0	956.026315789	781.676470588	710.357142857	886.454545455	709.578947368	855.651162791	854.428571429	840.294117647	1394.24137931	787.024390244	893.166666667	936.576923077	878.394736842	583.957446809	587.2
alpha_rarefaction_376_4.txt	376	4	1217.63636364	784.538461538	794.923076923	695.5	879.125	1246.28571429	667.068181818	998.5	783.833333333	829.135135135	903.567567568	767.216216216	935.65	847.137931034	577.782608696	876.775	905.441176471	774.236842105	595.9375	1002.42857143	897.166666667	853.25	843.357142857	1144.38709677	1010.66666667	855.428571429	624.0	869.777777778	946.2	646.333333333
alpha_rarefaction_376_5.txt	376	5	1539.44444444	782.0	919.617647059	812.032258065	1003.10714286	939.5	722.818181818	842.775	859.428571429	1184.10344828	950.0	690.052631579	871.763157895	958.777777778	1068.68965517	922.162162162	804.6	776.384615385	858.161290323	1402.27272727	721.818181818	785.363636364	940.25	867.071428571	930.285714286	798.552631579	960.034482759	1052.89655172	768.885714286	516.111111111
alpha_rarefaction_376_6.txt	376	6	918.625	865.871794872	864.157894737	886.972972973	958.0	1170.375	700.88372093	714.717391304	726.875	946.78125	1275.44444444	1197.53846154	954.026315789	740.4375	765.738095238	1085.55555556	1034.24137931	805.894736842	852.3125	1069.11538462	768.738095238	834.441176471	847.176470588	1201.28125	1035.42857143	958.416666667	813.692307692	997.5	815.333333333	775.206896552
alpha_rarefaction_376_7.txt	376	7	1170.93548387	894.275	673.12244898	778.783783784	665.5	894.71875	641.12244898	887.972972973	1041.0	879.216216216	1078.13793103	904.294117647	867.325	665.777777778	959.9375	1013.55263158	716.666666667	822.875	936.323529412	693.56097561	1325.55555556	687.052631579	1255.625	1161.9375	983.181818182	909.7	805.2	1110.11538462	772.885714286	765.043478261
alpha_rarefaction_376_8.txt	376	8	858.219512195	978.088235294	696.923076923	1026.85714286	830.166666667	803.636363636	577.25	979.21875	950.607142857	865.090909091	1011.66666667	1021.88888889	789.458333333	714.363636364	921.0	953.238095238	832.090909091	806.6	1281.95652174	981.0	908.405405405	984.483870968	1070.48387097	972.088235294	1160.51724138	1033.42857143	946.617647059	923.552631579	588.023255814	1005.71428571
alpha_rarefaction_376_9.txt	376	9	1028.38461538	949.617647059	650.127659574	635.020833333	875.416666667	1257.57692308	784.318181818	907.083333333	978.034482759	751.022222222	917.27027027	994.5	1157.79411765	652.216216216	1625.83333333	1059.22857143	702.583333333	763.073170732	1084.62068966	973.088235294	930.0	949.535714286	834.166666667	852.026315789	1306.09677419	1237.23076923	774.885714286	818.657894737	860.2	766.033333333
alpha_rarefaction_437_0.txt	437	0	1223.46666667	797.632653061	865.636363636	767.75	1384.88461538	1085.62162162	758.057692308	1028.14634146	874.0	948.717948718	848.117647059	848.645833333	1514.90322581	851.833333333	1096.0	1025.0	781.384615385	779.826086957	877.046511628	1303.25	908.826086957	945.363636364	914.634146341	1132.0	1199.5	1017.21621622	985.088235294	864.083333333	874.071428571	626.923076923
alpha_rarefaction_437_1.txt	437	1	1237.875	865.0	1081.41666667	808.069767442	1004.83333333	969.256410256	718.055555556	957.375	706.318181818	773.837209302	915.956521739	1052.63636364	975.75	957.103448276	1096.67567568	808.960784314	1011.19354839	1001.44186047	1150.58823529	924.692307692	1345.46428571	768.022222222	848.022222222	1322.42857143	857.0	1012.16666667	863.571428571	918.0	1117.09090909	619.076923077
alpha_rarefaction_437_2.txt	437	2	1204.55882353	871.727272727	1090.07142857	846.139534884	833.857142857	781.256410256	664.392857143	911.0	836.069767442	1442.34482759	1207.36363636	1357.78571429	1153.21621622	805.5	1069.39473684	1383.27586207	883.279069767	775.666666667	1016.24390244	1107.1	906.75	912.083333333	894.076923077	1051.15	941.903846154	915.090909091	760.489795918	1093.51219512	793.893617021	654.277777778
alpha_rarefaction_437_3.txt	437	3	1203.16216216	819.023255814	1014.39473684	780.0	949.56097561	952.538461538	609.089552239	1042.38461538	1237.17647059	879.357142857	889.571428571	1044.10810811	1182.33333333	1161.11111111	1105.8125	975.456521739	864.384615385	868.384615385	967.857142857	1273.03333333	917.790697674	851.446808511	1015.07692308	1360.90322581	967.272727273	828.738095238	711.111111111	854.568181818	958.078947368	791.363636364
alpha_rarefaction_437_4.txt	437	4	1298.575	1012.81395349	962.4	830.282608696	964.081081081	1063.22857143	662.172413793	1057.25	1003.75675676	1130.0	874.022222222	1021.16666667	834.109090909	804.428571429	913.12195122	982.25	1111.03030303	848.139534884	1517.5	1037.79411765	750.052631579	833.682926829	794.222222222	1104.68292683	1028.56521739	998.30952381	956.157894737	1018.21621622	868.428571429	692.935483871
alpha_rarefaction_437_5.txt	437	5	1087.8	684.288135593	811.411764706	824.365853659	934.027777778	867.52173913	764.269230769	912.0	1127.5	821.47826087	850.142857143	1062.55882353	1348.18181818	828.333333333	1020.0	773.75	916.405405405	731.705882353	804.0625	758.886363636	978.25	766.166666667	1000.6	980.341463415	1042.23809524	997.15	1039.38461538	1225.44117647	718.895833333	639.0
alpha_rarefaction_437_6.txt	437	6	1020.53488372	858.0	925.319148936	973.256410256	1009.42857143	755.357142857	719.057692308	931.625	781.651162791	803.139534884	860.942307692	858.357142857	1100.14285714	889.487179487	1447.0	861.018518519	1137.08571429	897.5625	933.5	1118.09090909	1387.0	1213.4516129	1266.36363636	1096.13636364	1593.24	907.184210526	915.142857143	818.243902439	792.632653061	507.538461538
alpha_rarefaction_437_7.txt	437	7	1284.0	763.87755102	809.934782609	1165.66666667	814.489795918	1025.5	749.0	877.9	864.6	886.4	1821.57692308	902.204081633	1026.0	1021.51724138	1056.82352941	1201.69230769	889.052631579	1154.91666667	987.375	1041.33333333	1009.09090909	772.0	1166.79411765	990.318181818	1224.0	904.0	1227.44117647	998.15	701.659574468	637.794117647
alpha_rarefaction_437_8.txt	437	8	1093.0	982.772727273	840.125	871.837209302	1039.42857143	1179.11764706	727.0	1164.0	707.956521739	783.456521739	1238.57894737	985.27027027	985.772727273	828.621621622	1152.38709677	1103.68292683	953.157894737	938.227272727	965.027027027	1046.18421053	979.25	774.714285714	1074.76315789	1204.41025641	1006.51219512	865.52173913	808.5	854.568181818	694.277777778	611.135135135
alpha_rarefaction_437_9.txt	437	9	1218.775	958.372093023	1008.0	1014.025	838.0	844.022222222	657.716981132	831.282608696	1056.53125	1036.66666667	1101.69230769	890.394736842	944.934782609	696.88372093	835.857142857	758.017857143	906.567567568	887.136363636	1113.03030303	891.25	1030.73684211	892.75	1618.91304348	1348.18181818	1124.75	929.162162162	870.727272727	1205.36363636	950.166666667	1091.16666667
alpha_rarefaction_498_0.txt	498	0	1302.66666667	938.722222222	856.053571429	896.909090909	1188.68421053	1120.07692308	706.818181818	1018.0	949.022222222	1125.60869565	1565.07894737	985.558139535	1254.47727273	1045.025	1216.08108108	1327.36585366	831.307692308	892.5	1092.24390244	885.058823529	1460.90243902	854.0	1108.67567568	1297.32608696	1242.97826087	1161.0	1054.87755102	1401.03030303	765.12244898	755.0
alpha_rarefaction_498_1.txt	498	1	1239.97674419	872.352941176	948.695652174	790.016949153	1074.525	1148.27777778	647.642857143	1002.2173913	1107.14285714	1224.73170732	1135.17021277	863.4375	1002.19607843	1051.38297872	1055.25	1127.35714286	965.219512195	990.734693878	940.446808511	865.942307692	924.981132075	846.660377358	1133.6097561	1241.72727273	1096.02325581	974.659574468	846.732142857	924.956521739	1037.06818182	718.538461538
alpha_rarefaction_498_2.txt	498	2	1307.13333333	836.307692308	1100.55319149	1009.57142857	1123.60869565	945.733333333	706.850746269	1047.875	843.395833333	914.06	793.344262295	1251.625	908.157894737	760.958333333	905.357142857	1072.66666667	1108.02631579	856.818181818	906.886792453	1152.26315789	1208.2173913	922.142857143	902.306122449	1430.45945946	1114.23809524	1066.02439024	1039.06818182	1235.31707317	1203.17142857	767.027777778
alpha_rarefaction_498_3.txt	498	3	1642.48648649	1077.04255319	1219.17073171	1129.275	1363.03030303	1058.48837209	663.014285714	1076.81818182	1209.25	1069.34883721	1260.47727273	858.807692308	1084.63265306	940.731707317	1189.17073171	1037.03846154	802.632653061	987.7	877.083333333	1136.23255814	955.5	952.765957447	1109.06818182	1160.9375	1092.76785714	1129.13953488	913.021276596	1080.63636364	933.568181818	861.09375
alpha_rarefaction_498_4.txt	498	4	1158.76923077	1246.71794872	1097.95833333	1132.13333333	1617.55555556	1233.44117647	687.62295082	1226.52380952	1051.7173913	954.934782609	1192.5	1109.69230769	1191.02173913	868.923076923	1143.90243902	1008.39583333	1097.28571429	819.362068966	903.565217391	1138.10810811	912.767857143	906.75	1388.65789474	1178.12765957	913.677966102	951.117647059	1167.21621622	972.818181818	915.92	784.024390244
alpha_rarefaction_498_5.txt	498	5	1445.57894737	821.362068966	910.428571429	1028.24390244	1007.47727273	1140.10810811	659.652173913	1367.88571429	806.466666667	1271.5	1396.0	1048.18421053	1010.34693878	853.5	999.893617021	1202.13043478	792.615384615	809.241935484	822.620689655	922.06122449	1023.0	871.319148936	1230.92307692	1204.125	1146.02222222	1231.76315789	1069.07142857	1246.875	843.023255814	670.5
alpha_rarefaction_498_6.txt	498	6	1207.0	1307.76315789	1092.89361702	943.52	939.595744681	1163.92307692	609.918918919	905.807692308	921.5	1194.68421053	1124.7826087	1123.09756098	1191.33333333	940.731707317	1177.5	987.019607843	950.977272727	886.052631579	1035.02173913	971.238095238	1275.35714286	829.882352941	1138.23255814	1206.12195122	990.8	823.625	1081.07317073	1045.87234043	983.609756098	732.5
alpha_rarefaction_498_7.txt	498	7	1130.37254902	904.909090909	1138.66666667	946.020408163	887.52173913	1483.5	639.082191781	1174.92682927	945.47826087	1021.0	904.185185185	1022.14285714	1165.59183673	841.957446809	957.957446809	1007.06	1062.02272727	818.4375	873.083333333	1326.78378378	1017.01886792	1118.8	1067.81818182	1316.97727273	1037.27586207	940.625	861.56	1131.13333333	1064.71794872	666.775
alpha_rarefaction_498_8.txt	498	8	1089.67857143	851.454545455	1010.55555556	1022.04255319	1077.525	1066.02439024	659.358208955	1076.375	1029.8	1070.02380952	903.021276596	1167.55263158	1380.52272727	797.733333333	1433.45454545	1151.20754717	1025.8	1418.0	1131.48717949	860.725490196	793.344262295	950.923076923	1083.14634146	1111.0	1445.08571429	935.558139535	1400.8	1020.85714286	990.341463415	723.538461538
alpha_rarefaction_498_9.txt	498	9	1215.52941176	861.385964912	1181.23684211	909.06	1220.11764706	922.5	787.0	1035.18867925	1093.36585366	1015.52173913	1298.93617021	1159.21621622	1115.97826087	796.466666667	972.4	1268.4	1085.7	846.781818182	1286.75	1088.0	1319.36585366	942.47826087	1053.0	1413.875	973.333333333	1016.22222222	1020.07142857	935.5625	976.9	613.0
alpha_rarefaction_559_0.txt	559	0	1765.83783784	1043.77966102	1057.26315789	873.555555556	1057.87755102	1382.02439024	573.76744186	1190.44230769	920.288135593	943.0	1021.61111111	1147.7755102	1215.13043478	851.170212766	1007.19607843	1007.9047619	951.192307692	994.0	1028.85714286	984.684210526	1101.35294118	955.976744186	1224.77272727	1362.1875	1143.33333333	1236.38636364	960.25	909.5625	971.666666667	797.236842105
alpha_rarefaction_559_1.txt	559	1	1252.5	1048.01818182	1087.24528302	986.375	1150.0	890.438596491	728.643835616	964.892857143	1001.51923077	1141.17021277	1129.24590164	1214.62222222	948.5	982.4375	1044.03846154	885.046875	875.779661017	847.164179104	966.788461538	952.245283019	967.438596491	863.053571429	1475.97297297	1017.87301587	1143.10169492	1114.19565217	1042.03846154	944.406779661	1105.95833333	795.486486486
alpha_rarefaction_559_2.txt	559	2	1373.38297872	796.887096774	1008.50909091	1155.2173913	888.887096774	1251.56097561	733.114285714	955.842105263	951.625	946.406779661	1286.53846154	1231.06382979	1446.09756098	964.590909091	1485.05263158	915.014925373	999.222222222	800.353846154	1157.14583333	1239.55813953	981.333333333	867.241935484	1254.97826087	1421.51219512	1041.77941176	1390.52272727	995.125	1034.05660377	964.909090909	752.441860465
alpha_rarefaction_559_3.txt	559	3	1447.23404255	994.120689655	1091.7	1019.4	1361.71794872	965.679245283	704.012987013	933.051724138	948.5625	945.017857143	1303.60869565	1099.69565217	976.661290323	863.117647059	1127.22641509	1026.31034483	858.93220339	918.559322034	1073.25	1251.97826087	1316.81818182	926.5	1121.0	1360.80357143	1133.48214286	1168.9375	921.172413793	1075.25	1115.33333333	668.06122449
alpha_rarefaction_559_4.txt	559	4	1243.56603774	950.387096774	1055.6	1057.52941176	1108.71428571	1053.87234043	733.138888889	1140.58490566	996.734693878	886.517857143	1240.12765957	834.964912281	1166.52941176	1110.13513514	1207.57142857	952.387096774	839.948275862	1069.77777778	1091.12244898	1227.0	1042.32	878.018181818	1240.5	1309.42857143	1124.88679245	1260.625	926.114754098	1309.1627907	1082.63636364	754.875
alpha_rarefaction_559_5.txt	559	5	1561.625	993.0	1116.16326531	1173.11764706	1208.8	978.615384615	707.12345679	905.803571429	1056.02222222	1153.12068966	1468.5	1026.63829787	1263.0	877.660377358	948.625	1107.33823529	985.62	1074.56	949.444444444	1301.93617021	1073.6	1040.0	1097.72222222	1546.32	1266.81818182	1197.35294118	977.528301887	1252.2	790.178571429	727.222222222
alpha_rarefaction_559_6.txt	559	6	1388.69230769	890.015151515	842.764705882	1189.07692308	1441.57894737	1107.94444444	780.0	1093.38181818	1116.51219512	982.418181818	1181.7254902	897.721311475	1218.0	908.0	997.058823529	1088.0	1020.51851852	883.338709677	1062.68518519	1189.91836735	864.93220339	923.018518519	1061.01818182	1293.88135593	1202.3125	1214.5	1115.43478261	986.084745763	1029.09090909	1148.0
alpha_rarefaction_559_7.txt	559	7	2091.53571429	907.153846154	1125.53846154	1021.41176471	1223.125	1035.14285714	742.708333333	1122.88679245	1048.38297872	1165.13636364	1019.89830508	1093.35294118	1307.0	751.288461538	1112.52941176	1030.75	1143.66666667	1051.18867925	1074.75	1431.83783784	1267.41176471	1159.78378378	1132.22222222	1238.07843137	1203.73469388	1140.17021277	864.105263158	1199.0212766	847.358490566	895.783783784
alpha_rarefaction_559_8.txt	559	8	1386.375	1030.51851852	1558.26315789	971.196721311	1276.5	1263.76595745	690.012987013	1042.90384615	870.322033898	1059.55769231	1000.01851852	1274.88372093	975.060606061	930.0	1202.33333333	1062.68518519	1217.2173913	861.048387097	904.721311475	1043.44897959	990.677966102	898.962264151	1102.55319149	1229.68518519	1110.55319149	1535.67741935	1052.7755102	1118.1875	864.385964912	928.12195122
alpha_rarefaction_559_9.txt	559	9	1509.44680851	1029.54901961	1236.12244898	1111.52941176	1426.25	1175.8372093	784.68	943.0	959.595744681	1169.9375	1000.01612903	1316.7173913	1092.08196721	970.666666667	1066.22	1000.5	1083.51923077	931.084745763	1140.13333333	1111.18518519	1369.73809524	930.705882353	1213.0	1270.47169811	1112.0	1119.97826087	1073.56	1063.68518519	962.679245283	1005.21875
alpha_rarefaction_620_0.txt	620	0	1693.61538462	1046.78947368	1258.01818182	1002.35	1137.48979592	990.482758621	774.038461538	1244.29411765	950.537313433	1261.2	1247.5	1260.5	1139.140625	982.52	1106.42424242	998.956521739	960.842105263	1032.08823529	1051.76666667	1368.85714286	1153.58490566	1157.26923077	1256.2	1348.08474576	1012.8358209	988.096774194	878.0	1227.42857143	1013.05660377	844.466666667
alpha_rarefaction_620_1.txt	620	1	1604.29411765	1069.80327869	1189.23214286	1177.66037736	1109.44230769	872.916666667	726.62195122	1050.10909091	1058.44827586	1248.45454545	1386.88235294	1195.12244898	1179.64285714	1165.06818182	1244.90909091	1148.5	1146.17021277	890.338709677	1302.40425532	1398.82608696	1008.01612903	950.387096774	1102.67857143	1203.5483871	1597.12765957	1058.0	1084.5	1154.74193548	982.909090909	729.4
alpha_rarefaction_620_2.txt	620	2	1451.2295082	943.193548387	1278.47169811	900.0	1178.62264151	1014.48214286	803.794520548	1159.80769231	923.777777778	1060.26315789	1099.3559322	1483.90243902	1114.171875	1204.53488372	1322.375	1149.67241379	1201.63636364	1032.81538462	989.0	1385.0	899.602739726	942.857142857	1141.05084746	1101.61538462	1272.83333333	1212.5	929.172413793	1080.25806452	1179.81818182	929.634146341
alpha_rarefaction_620_3.txt	620	3	1525.51851852	973.0	1004.01851852	1009.24615385	1150.2	1027.81538462	805.970588235	1109.0	1240.17073171	913.220779221	1150.91176471	1237.29411765	1477.0	1201.81818182	989.338235294	969.042857143	864.245901639	1075.5	1218.32	1455.02325581	1545.14285714	975.25	1103.50909091	1146.37878788	1302.28846154	1011.9047619	1207.625	938.388888889	1140.02272727	746.192307692
alpha_rarefaction_620_4.txt	620	4	1395.296875	920.090909091	1046.25	1145.37254902	1231.20408163	1179.72	772.8	1190.23214286	1015.55932203	1129.63076923	1340.0	1072.48979592	1180.44827586	1091.73333333	1279.20833333	1200.93220339	961.551724138	1106.33333333	1150.13333333	1201.0	1098.1884058	999.645833333	1029.15789474	1487.0	1218.84482759	1144.90909091	1061.28301887	1352.66666667	1035.96491228	817.717948718
alpha_rarefaction_620_5.txt	620	5	1546.66037736	992.797101449	1250.88679245	1204.01818182	1222.61538462	1076.8	720.756097561	989.241935484	1080.05454545	1123.1754386	1119.56451613	1471.13333333	1343.0	738.147540984	1006.81818182	1018.25	965.472727273	1058.44827586	1219.44827586	1157.125	1204.11864407	870.685185185	1001.0	1210.515625	1364.83333333	1151.35849057	1079.68518519	908.045454545	1120.52941176	808.12244898
alpha_rarefaction_620_6.txt	620	6	1432.27777778	1077.98275862	1045.44444444	1177.52941176	1087.60869565	1175.06	765.835443038	940.692307692	1241.0	988.333333333	1275.98113208	1013.1	1069.25	1054.38297872	1118.02	1158.83870968	1079.67924528	1241.30769231	1234.29411765	963.529411765	1205.31034483	1133.93617021	1520.275	1362.17857143	1726.8372093	1120.0	1051.90384615	1071.2295082	1155.7755102	666.881355932
alpha_rarefaction_620_7.txt	620	7	1556.42857143	1026.51612903	1084.86206897	1114.10526316	1318.55319149	1151.2	717.841463415	1069.50819672	1255.31914894	897.52173913	1140.68181818	1318.11538462	1145.01694915	1143.5	978.684210526	1222.6	985.654545455	1097.67241379	1089.25	1132.53846154	1086.5	857.098360656	1417.46666667	1391.1	1518.14285714	1069.2295082	880.780821918	1386.66666667	1188.8372093	930.142857143
alpha_rarefaction_620_8.txt	620	8	1430.1754386	1107.55172414	1077.578125	1075.68518519	1233.29411765	1330.625	791.243243243	1084.88888889	1176.11764706	1340.12244898	1468.0	1324.01923077	1230.85714286	838.58490566	1118.81818182	1306.40384615	849.016393443	1033.39705882	945.640625	1079.5	1068.11864407	1097.25423729	1418.7826087	1392.0	1369.11538462	1107.7254902	886.045454545	1059.27586207	1054.91489362	840.659574468
alpha_rarefaction_620_9.txt	620	9	1722.06	958.833333333	1425.77083333	1159.125	1163.52941176	1549.41025641	722.0	1060.15873016	1035.18181818	1025.32786885	1414.78431373	1163.125	1097.43548387	914.909090909	1152.78947368	1136.63076923	855.563380282	1033.56896552	1159.125	1097.25423729	1269.98113208	1091.55357143	1238.48275862	1349.38596491	1397.78947368	1202.03846154	1142.01694915	981.518518519	1002.01960784	1022.44186047