	sequences per sample	iteration	515rcbc12	515rcbc21	515rcbc17	515rcbc34	515rcbc33	515rcbc31	515rcbc20	515rcbc15	515rcbc26	515rcbc22	515rcbc37	515rcbc24	515rcbc18	515rcbc35	515rcbc11	515rcbc27	515rcbc30	515rcbc13	515rcbc9	515rcbc28	515rcbc23	515rcbc32	515rcbc16	515rcbc19	515rcbc29	515rcbc14	515rcbc10	515rcbc8	515rcbc25	515rcbc36
alpha_rarefaction_10_0.txt	10	0	4.25203	3.93368	4.17254	3.74395	3.49762	4.03224	3.72512	3.83802	4.58773	3.91337	3.4482	4.60903	2.5806	4.17771	2.27123	4.23702	4.52748	4.52995	4.3038	4.22384	4.36355	3.89185	3.38655	3.38462	5.7677	3.60704	2.99144	3.76818	3.26493	3.55039
alpha_rarefaction_10_1.txt	10	1	3.74141	4.18062	4.49795	4.26763	3.87051	3.23895	4.28204	3.52177	4.10304	3.22429	3.42717	3.81877	3.93917	2.82322	4.00063	4.07385	4.35387	5.03502	4.16545	2.87412	4.42784	3.83758	4.61848	5.54405	3.41745	2.82165	4.30159	4.04603	3.54426	4.91062
alpha_rarefaction_10_2.txt	10	2	4.20894	3.51002	3.86195	3.33137	3.10464	3.60769	4.53726	4.26081	3.71457	4.4949	4.27545	3.73716	3.47398	3.54506	2.73987	4.27341	3.73053	3.61661	3.93237	4.50121	3.69607	4.02723	4.5171	4.19034	3.89995	4.00855	3.86157	3.85187	3.64187	4.0867
alpha_rarefaction_10_3.txt	10	3	3.65946	3.45231	4.00711	3.77696	3.95922	3.29248	3.36453	3.14479	3.38176	5.53675	3.85504	3.78037	3.74386	3.52832	2.88227	2.27572	3.73894	4.23158	3.82955	3.44227	3.40264	4.53107	3.13292	3.99591	3.10508	3.74639	3.66152	4.43573	4.37326	4.41899
alpha_rarefaction_10_4.txt	10	4	3.61845	2.95742	3.30912	3.6217	3.28161	3.48834	4.1451	4.51656	4.56737	3.77041	4.83025	4.10789	4.93561	4.51572	3.32009	4.31549	4.00579	2.86691	4.7097	3.91207	3.12651	3.92663	4.03397	3.46538	3.26564	4.37665	3.77552	3.78547	3.68366	4.71769
alpha_rarefaction_10_5.txt	10	5	3.94219	4.27498	4.20818	3.45393	3.85148	3.93837	3.54808	4.47829	3.69905	4.75976	3.39759	3.39098	2.57099	4.04739	4.18225	3.75994	5.16586	3.7819	3.34495	3.71571	4.36552	3.83119	5.96324	4.43134	3.74353	4.46163	2.53627	3.39582	3.72612	3.37558
alpha_rarefaction_10_6.txt	10	6	3.50684	3.44579	3.35426	3.98294	4.12192	3.6629	4.28552	3.64533	4.18842	3.10574	4.24199	4.76539	4.06112	3.22232	4.21391	4.57744	4.69762	2.9619	4.33117	3.0971	3.46891	3.8618	4.05287	3.58556	3.6661	3.30154	3.67407	4.01407	4.99415	4.87691
alpha_rarefaction_10_7.txt	10	7	3.93374	4.19258	3.46774	4.32539	3.59404	2.88643	3.93095	4.69464	3.77257	4.62521	3.90883	2.4605	3.90324	3.51288	4.12586	4.35229	5.05361	4.61197	3.56576	3.13382	3.87659	3.4506	3.03176	3.32521	4.07063	4.0621	3.56193	3.24589	3.78764	3.43567
alpha_rarefaction_10_8.txt	10	8	4.25024	4.16509	3.42097	3.37318	4.7059	3.62686	5.64323	5.15135	3.40723	4.82138	4.16393	3.76438	3.67131	4.1505	3.20016	4.26937	4.93029	3.00754	3.5659	3.46701	3.36781	4.36002	4.3866	4.60553	3.30535	2.77792	3.37405	4.38009	4.15155	2.43254
alpha_rarefaction_10_9.txt	10	9	2.99219	2.96613	4.04124	3.90077	4.1118	4.39241	3.26844	3.44139	2.08637	3.60484	4.18812	4.95342	3.3348	2.69378	3.24538	3.77264	4.20576	3.71226	4.06736	4.01477	4.15513	4.16351	4.19921	4.36694	3.54336	4.2768	2.43745	4.36213	3.61361	2.74305
alpha_rarefaction_71_0.txt	71	0	17.0123	17.13484	16.07402	16.2252	15.22226	13.50348	15.48703	15.74375	15.87292	18.23872	19.67179	16.67209	18.20852	16.13637	16.42017	16.65621	18.08183	16.51419	15.32697	16.58161	15.64216	15.9809	18.29953	17.31631	19.85577	18.31911	16.3118	17.09938	12.93261	14.56266
alpha_rarefaction_71_1.txt	71	1	16.71484	20.36522	16.1565	15.80341	16.00134	16.72516	15.69988	16.51127	17.00901	18.17609	15.80863	17.11075	17.63232	16.03984	16.41201	17.11155	14.76518	17.41104	15.96933	16.73025	16.3537	14.54226	18.00499	16.67113	18.93701	14.84653	18.46373	16.23571	15.32848	15.09217
alpha_rarefaction_71_2.txt	71	2	15.87894	15.61338	15.66621	16.74463	17.60379	15.39444	16.23213	16.50215	17.26351	15.12357	16.84137	16.60399	17.59428	17.08358	16.6991	16.21237	16.61878	19.28693	17.79126	20.37981	16.17346	16.90617	16.74498	17.31801	16.54857	17.73892	17.94661	16.81719	17.66799	16.11582
alpha_rarefaction_71_3.txt	71	3	15.71098	15.28662	18.5799	16.86764	13.30644	17.2204	18.40963	13.14219	18.48301	16.23233	17.02843	18.11602	17.82124	14.93556	16.67507	16.31443	16.45523	15.91259	16.53856	16.40278	16.02983	13.96668	18.58856	20.42281	18.13379	16.42051	13.0495	15.99791	19.31132	16.57675
alpha_rarefaction_71_4.txt	71	4	13.69706	18.69907	17.32107	17.61316	18.6058	16.40242	15.7498	17.99393	17.34694	18.43367	15.59772	19.01299	15.58825	17.0336	17.39712	18.64136	16.36644	17.47089	17.48488	17.6887	17.20393	15.14366	17.42276	17.88071	17.86744	16.6766	15.6267	15.07586	16.15791	17.27032
alpha_rarefaction_71_5.txt	71	5	16.83291	16.74286	14.99056	14.86867	17.72311	15.84082	17.46605	20.07318	15.47303	19.77082	18.39662	16.48704	18.05925	15.92554	16.25876	18.00099	16.05253	16.71415	16.06332	15.27761	16.86242	15.92662	17.54703	16.45206	18.98489	17.63709	16.57202	16.25473	15.35685	14.01152
alpha_rarefaction_71_6.txt	71	6	15.93755	18.63607	15.82164	20.14545	16.72203	16.44345	16.3143	15.83312	16.92344	16.17717	18.28831	17.83342	16.78908	15.40531	15.58083	17.82817	14.25619	16.53399	13.57591	18.74483	20.60315	16.15979	15.18679	17.09482	18.49558	14.86166	16.51817	16.31825	15.74237	14.48946
alpha_rarefaction_71_7.txt	71	7	15.98023	16.33808	16.61573	16.64785	15.45786	15.61474	16.41082	17.20279	17.64747	16.22734	15.87743	18.81647	17.8115	14.45804	16.00505	16.84809	15.22427	18.52525	17.02553	17.1422	16.54604	17.01974	17.42549	15.85935	15.43354	16.92384	16.94292	16.53519	16.63904	14.60674
alpha_rarefaction_71_8.txt	71	8	19.99309	18.38636	18.18196	15.21313	18.32471	17.75691	15.56582	17.58121	16.91337	16.54821	16.11483	15.91935	19.03306	15.73903	14.37997	17.80198	15.49063	14.78953	18.92259	15.47614	18.56875	14.62584	17.68019	17.11476	19.40814	14.89832	17.3217	15.26638	14.95257	13.46919
alpha_rarefaction_71_9.txt	71	9	18.01235	17.04209	18.5005	15.2989	16.37311	16.00354	16.9729	16.10344	15.58784	18.05437	17.55214	15.05782	18.31384	13.17104	18.24065	18.57001	17.3817	15.90628	15.23932	15.2719	16.27029	15.22048	17.07534	17.11437	17.84465	14.37656	16.48429	17.75092	17.61514	14.82846
alpha_rarefaction_132_0.txt	132	0	26.38533	27.34865	24.17647	26.25891	23.89201	24.36458	26.9641	24.74872	24.53549	25.491	26.78571	26.39188	25.39382	23.66556	23.87104	26.53234	23.26137	25.99133	24.9803	25.95144	27.02476	23.02417	22.31945	26.38491	26.06903	28.63259	26.08608	23.99574	24.00458	22.18037
alpha_rarefaction_132_1.txt	132	1	27.03846	26.51192	25.81036	23.02663	25.42949	22.50492	27.1633	24.30631	23.16143	27.16941	25.72788	23.54735	24.97579	21.41676	25.35621	27.84402	25.48991	26.42338	25.20349	24.57243	24.478	23.7143	23.94219	24.60291	24.90905	25.73565	24.40702	24.9399	24.34059	20.63665
alpha_rarefaction_132_2.txt	132	2	24.89427	25.77215	25.00076	22.98838	21.33027	21.99847	23.92504	24.05603	21.10005	20.76573	25.46214	22.04268	27.30266	22.80322	26.53035	25.67657	21.76509	26.84492	24.55489	26.17177	26.63398	23.33779	22.80375	27.39948	25.96275	26.14615	24.83138	26.2304	24.85893	22.44855
alpha_rarefaction_132_3.txt	132	3	24.52273	26.88425	22.09491	24.45158	19.69847	24.68937	24.1214	24.68496	25.31564	23.9051	27.30471	27.18938	26.44111	20.10614	27.88184	25.14905	22.49758	26.24875	24.22246	24.45814	25.96088	26.93128	26.17328	28.0134	25.35139	23.20662	27.0189	24.9823	25.93755	23.34915
alpha_rarefaction_132_4.txt	132	4	24.86338	28.17785	22.16784	23.05595	26.80695	24.95739	23.08892	25.27425	24.0779	26.05029	26.66255	23.03101	27.12947	23.43017	26.58309	26.61807	24.16797	25.7902	25.27362	26.1891	25.32238	23.59708	23.60803	24.92486	27.22757	25.11485	23.57991	25.89234	24.1818	18.77514
alpha_rarefaction_132_5.txt	132	5	22.8717	24.32949	21.19645	24.05155	20.94638	23.56002	25.93111	23.7657	23.78534	24.12277	23.20442	24.53646	26.58402	23.70376	24.26098	25.61102	25.14786	24.56032	25.15287	25.13149	24.16371	22.25172	24.43004	25.12063	27.06124	23.84492	27.99032	25.31337	25.11431	20.15624
alpha_rarefaction_132_6.txt	132	6	24.3383	26.72115	28.48491	26.64288	24.68972	23.50098	27.48417	24.51186	24.53871	25.36017	25.53299	24.8812	27.45322	20.3565	25.12502	26.66834	25.63154	25.35077	25.25647	22.79854	25.18067	27.36475	24.73882	24.96159	25.78053	26.21725	23.35095	24.32962	22.51778	21.3848
alpha_rarefaction_132_7.txt	132	7	25.79981	25.22314	23.13841	25.98326	21.94766	24.9822	24.57521	24.99608	24.42896	22.73577	23.10433	25.21028	25.71889	24.39262	24.38318	26.86169	24.9438	26.35543	25.24365	24.24	24.26384	24.80937	28.45999	23.05896	25.90782	23.75956	24.46854	23.6403	26.21995	19.95618
alpha_rarefaction_132_8.txt	132	8	27.1176	26.00267	22.1115	25.58387	21.99583	23.07297	25.48241	25.71952	25.72581	23.44539	25.35561	24.74505	25.93038	22.9358	26.4636	25.57756	24.56547	25.61194	25.16383	25.07161	24.83164	24.47328	24.96627	23.40998	24.66046	25.7719	23.90918	21.10617	25.82993	20.43657
alpha_rarefaction_132_9.txt	132	9	27.29348	26.79104	23.72451	24.54111	23.56158	25.37153	26.22767	25.14856	25.62987	24.78481	27.4988	25.97047	27.88855	21.69085	24.94895	26.74854	24.5068	23.56396	25.94026	26.65772	26.53893	26.29785	24.20232	26.49447	26.85191	25.36397	23.20926	23.94313	25.31184	21.276
alpha_rarefaction_193_0.txt	193	0	34.75502	31.32021	28.91978	30.17978	30.88523	28.85461	32.16688	29.88676	28.10532	33.48601	33.34151	29.94711	33.49271	27.68993	29.62813	33.34862	30.1537	30.62562	30.86264	29.76091	32.67131	29.0289	32.43552	29.33035	33.36363	31.84095	30.95121	29.75681	29.99165	26.63116
alpha_rarefaction_193_1.txt	193	1	32.34058	30.21795	28.90998	28.30802	30.35823	29.94273	33.01771	33.14628	30.3178	32.79011	31.80162	31.83691	31.95586	26.72197	31.91001	29.67627	29.68957	32.39885	30.65927	29.87633	33.38317	31.50675	27.37146	34.13407	30.93518	29.13122	32.77896	30.55483	28.58106	28.48427
alpha_rarefaction_193_2.txt	193	2	32.89147	30.92526	29.12309	31.56389	29.07146	31.65152	32.14105	29.33667	28.80681	33.83821	32.79557	29.37642	29.99338	26.26492	29.26588	32.64102	29.92497	32.26211	32.84781	32.97402	30.3198	30.11985	33.22285	31.206	32.53989	34.15866	30.35483	33.10294	27.18715	28.68628
alpha_rarefaction_193_3.txt	193	3	34.41032	33.87059	33.05287	27.95566	31.36236	27.56293	33.17362	31.72264	28.29064	31.3843	34.92719	32.29123	31.89362	26.93347	27.44999	30.72031	29.04186	30.94014	30.84039	33.25946	32.06533	29.35837	29.84978	32.18567	32.26053	30.55432	31.63878	30.38338	30.86728	25.49842
alpha_rarefaction_193_4.txt	193	4	31.38205	30.70533	30.49471	31.68734	31.23939	27.80101	31.25714	32.87176	28.36983	33.03943	30.93498	29.67489	32.19067	28.7612	34.14885	30.44653	29.89437	30.7489	33.49561	30.4213	33.11	28.92638	30.33898	30.07311	33.69456	32.10274	28.29026	28.43	31.05678	27.9613
alpha_rarefaction_193_5.txt	193	5	31.84151	34.01579	31.14329	33.0474	34.01358	29.87955	28.61954	31.22269	28.84011	32.31247	31.19372	30.73483	31.38623	30.39135	33.34542	33.30198	28.97431	32.966	32.71382	31.32271	33.62147	31.15001	36.08446	28.97781	32.46099	31.74005	34.01338	30.87764	27.99923	25.71002
alpha_rarefaction_193_6.txt	193	6	32.06895	31.60451	29.8858	30.28521	30.31825	29.19621	32.31177	30.25054	31.2441	30.08117	33.79552	28.90833	34.095	27.22866	30.13153	32.8742	30.2531	32.84833	31.91145	31.38347	33.2789	29.62813	30.39484	30.92166	31.63819	33.48005	31.13235	33.01755	29.13724	25.01493
alpha_rarefaction_193_7.txt	193	7	33.642	32.09367	29.7418	31.93855	32.32763	27.7122	29.09866	29.58944	29.04746	32.11548	32.73476	32.5624	36.22159	27.41114	32.66397	31.59142	28.25017	33.69061	29.55078	29.52079	30.65911	31.17708	29.07845	32.02793	32.34062	34.89834	32.57935	30.92173	29.24455	31.80293
alpha_rarefaction_193_8.txt	193	8	33.36276	35.13796	30.80434	30.37189	28.09153	29.86905	33.51595	29.00698	29.16786	32.37303	32.36944	30.97721	33.87364	27.91046	29.76796	34.15586	26.26822	32.03744	31.62714	30.45043	33.26401	29.75864	31.76772	31.93304	34.8845	34.12941	29.4324	32.50664	28.71852	25.97699
alpha_rarefaction_193_9.txt	193	9	31.9135	36.74523	29.22975	30.8894	30.92407	29.49297	32.80018	30.53224	31.08779	33.04533	33.85458	31.02483	33.04429	29.5066	33.77519	30.61787	29.65548	34.50965	29.55069	29.40329	33.99662	30.30157	29.67345	34.06678	32.74356	34.51878	32.94525	31.54163	34.0153	23.81609
alpha_rarefaction_254_0.txt	254	0	36.28225	35.45483	31.84353	38.75352	35.15114	34.79011	37.61657	38.04843	34.26838	36.92569	34.30546	34.67625	40.43692	30.87557	35.38262	34.83097	35.98397	38.75316	37.39131	34.50953	37.76495	37.50139	40.01082	39.62628	34.18651	36.79623	40.16638	34.01317	34.25914	27.77551
alpha_rarefaction_254_1.txt	254	1	39.57292	40.65102	39.64165	37.78287	35.77961	34.80537	36.83458	34.07108	35.26141	37.66754	34.88205	38.64875	38.1373	34.1558	32.73691	36.46794	34.20808	36.04044	33.42682	33.30267	40.06666	32.79992	38.12309	35.96174	38.79568	36.94184	37.25609	35.02526	33.92174	31.99825
alpha_rarefaction_254_2.txt	254	2	36.27878	37.47684	35.82511	37.06114	36.79543	34.59161	36.70729	34.82932	33.6069	38.09388	35.76241	34.69798	36.10591	30.78598	34.30597	38.90313	34.7693	37.63782	36.32221	36.41351	36.64298	31.44638	36.8708	38.90647	39.14897	37.79937	36.62635	36.6512	35.63636	30.44434
alpha_rarefaction_254_3.txt	254	3	36.97498	38.5931	37.31799	38.87871	33.69652	36.30329	35.35144	35.78878	34.6891	40.46814	36.09099	35.83067	35.41014	30.33054	36.57212	37.60217	32.48422	36.2207	36.72075	36.68887	38.55527	31.27507	35.27677	40.84919	40.18873	39.16372	36.09109	35.5494	32.24437	26.69945
alpha_rarefaction_254_4.txt	254	4	38.33478	37.36043	35.7555	38.84021	33.0986	34.54007	36.38111	34.55324	32.27178	38.51204	38.13637	39.41413	36.88851	34.5375	37.80683	37.19428	32.72673	39.89928	36.05566	37.75818	37.77505	36.50319	33.11247	36.48678	37.65012	37.59913	37.84677	35.87561	36.27418	33.44372
alpha_rarefaction_254_5.txt	254	5	39.41736	36.15846	36.15747	36.29261	35.19852	36.71838	35.99587	36.57983	37.81977	36.23918	39.28374	38.02928	37.00595	33.67143	38.33629	38.96888	38.06421	39.11718	32.20419	37.08486	37.23869	35.35512	37.04764	38.21473	40.36617	38.26599	33.62862	37.32435	33.28845	29.06543
alpha_rarefaction_254_6.txt	254	6	37.50561	37.65702	37.22796	34.39438	34.60159	35.78737	36.38052	32.6143	34.52131	36.85476	38.03228	35.98471	36.72385	33.38671	37.76966	38.79695	33.88916	35.33118	36.5799	37.12162	36.63705	33.60552	34.3701	40.46695	40.74511	39.1908	34.78304	31.16666	33.19127	33.24065
alpha_rarefaction_254_7.txt	254	7	38.84665	40.50937	37.88801	35.89133	34.84676	37.38089	35.69849	35.0417	34.9677	36.73233	36.40414	35.82716	39.06939	33.39129	39.93177	37.13828	36.54035	39.45158	35.44927	39.17581	37.4858	33.32833	35.29017	35.59534	40.09144	38.20976	36.32564	36.06836	37.53481	29.23109
alpha_rarefaction_254_8.txt	254	8	37.40009	39.56261	34.10622	36.97138	37.64638	35.57141	38.35558	34.16781	37.20069	37.95216	39.91358	33.63106	37.85835	34.85757	36.49921	36.73252	33.68469	35.95154	35.2816	35.16691	37.07804	33.10879	39.19298	36.59958	38.99175	38.0033	35.40358	32.30091	36.3185	29.96238
alpha_rarefaction_254_9.txt	254	9	40.25274	38.55899	37.3251	36.43032	35.74909	36.35746	36.06328	36.88494	36.23253	37.14648	39.02601	35.69255	36.45792	32.29079	33.28295	40.77991	36.43105	38.01858	36.9405	39.49248	40.29108	34.17972	33.65453	36.87722	36.79652	36.38715	34.65879	35.5072	37.62753	28.04202
alpha_rarefaction_315_0.txt	315	0	43.73192	44.18053	38.18449	39.37519	41.00794	39.13147	40.68768	43.20175	41.31724	42.08923	40.41668	41.92871	40.74247	33.41063	39.3481	42.07416	38.94164	41.57986	41.20584	39.88576	42.80744	40.04649	38.80888	40.79032	41.64527	41.55658	41.09458	40.60796	38.91366	37.98164
alpha_rarefaction_315_1.txt	315	1	42.2483	44.21877	41.86445	39.43417	38.91518	41.66758	42.2659	39.79099	41.19132	40.69237	41.04092	42.10544	40.15661	37.38689	39.19141	42.02893	40.49628	44.39167	40.89206	42.26229	41.70508	38.15623	41.31213	42.29755	42.07033	42.05816	40.10961	39.70566	36.86701	36.56061
alpha_rarefaction_315_2.txt	315	2	43.84324	42.68283	40.79692	41.53532	39.33832	41.04922	40.75239	38.80542	42.71391	40.92718	42.26075	44.07598	41.59081	38.85589	41.90684	43.75244	37.22911	40.27102	40.99673	40.73205	42.9072	40.73633	40.89229	43.61396	43.03356	42.1973	40.01535	41.14052	39.1086	31.05787
alpha_rarefaction_315_3.txt	315	3	40.3936	44.05034	39.95685	43.32063	39.04711	39.19042	41.41368	40.49026	40.9719	42.73919	43.30601	39.65906	42.21706	36.54635	41.53692	41.13674	38.68707	44.4614	39.12416	40.62502	40.31309	38.16133	38.95571	43.35689	42.44413	41.74476	40.07963	39.6433	38.51321	34.35823
alpha_rarefaction_315_4.txt	315	4	43.36347	40.7918	39.02615	38.22976	39.43502	40.01002	40.98085	37.86709	38.79911	41.27294	39.23718	38.56204	40.2365	37.57911	38.94939	44.3392	40.79032	40.04147	40.68438	42.50947	45.19345	37.72438	41.8691	44.44787	41.15563	40.64666	38.86766	41.14043	39.36299	34.48673
alpha_rarefaction_315_5.txt	315	5	45.81174	41.99098	41.02414	38.80897	38.65987	38.39984	41.53238	38.58442	40.38201	42.3067	43.15934	41.04301	39.50858	36.85244	39.95868	42.60398	41.05644	43.25772	39.37998	37.98408	41.82284	37.18366	39.17038	40.35124	42.17082	43.1178	41.18889	39.71554	35.54566	31.42322
alpha_rarefaction_315_6.txt	315	6	41.41786	42.75559	41.71151	38.60363	37.65707	40.83855	41.86192	37.73263	38.91264	42.61076	42.09333	37.0853	42.12414	36.49753	41.09976	44.3979	35.62787	41.71773	39.09518	38.45179	44.51133	38.88744	39.43369	42.75887	40.73192	42.64192	40.86186	39.83766	38.4138	34.38226
alpha_rarefaction_315_7.txt	315	7	44.23193	42.79275	39.04642	40.86517	39.38022	41.14582	38.85387	42.10636	38.45149	41.65109	37.45766	42.08056	42.80182	39.68511	39.55873	41.59924	37.57023	43.89122	42.44298	43.30646	42.35486	39.77873	39.44417	44.23264	43.13313	44.2991	38.80375	40.56085	42.25249	34.32762
alpha_rarefaction_315_8.txt	315	8	44.6815	39.79626	40.34217	40.52718	37.87008	40.00505	42.71737	38.10989	41.70268	42.50146	40.81521	42.32992	41.05966	38.79276	38.36472	41.49282	41.84809	43.82352	40.11021	42.89568	43.28327	37.28754	38.69357	42.00504	43.86907	41.38034	41.47396	37.40167	39.46719	33.28741
alpha_rarefaction_315_9.txt	315	9	44.97893	42.02952	39.40775	41.77893	39.01889	36.31569	39.30832	38.66997	41.60428	40.44885	42.91498	38.54319	42.22387	36.1548	39.95374	39.54377	43.50211	43.34476	42.80516	41.62667	41.71707	39.40185	39.1427	41.25076	41.20936	40.23474	38.1068	39.04978	39.9376	34.56112
alpha_rarefaction_376_0.txt	376	0	49.49291	44.93247	42.17856	46.01414	44.36079	44.5822	43.66459	43.79039	45.22633	48.56405	48.23761	43.93499	48.29294	38.60091	42.55136	45.34441	41.10798	45.34401	44.81834	48.42946	43.59891	40.30208	42.16343	46.0169	47.14195	43.81349	44.46965	44.17555	40.0541	37.13308
alpha_rarefaction_376_1.txt	376	1	47.27096	47.18976	44.20223	43.52184	43.24266	43.9382	46.66759	42.77152	45.15358	44.63042	47.66073	43.13829	48.87265	41.49018	43.83759	45.12469	42.26899	45.95386	45.93708	44.46603	45.56288	43.49561	46.22379	46.1506	44.97916	44.11869	42.92594	45.63485	41.0919	38.503
alpha_rarefaction_376_2.txt	376	2	52.43624	47.07731	41.75298	46.04579	43.31262	42.99649	43.59185	45.15079	46.54673	44.42017	48.52283	46.06943	46.53515	40.04338	47.1709	46.31705	43.71269	45.04004	42.41798	42.13439	46.3844	43.22314	43.8518	47.52697	45.6753	43.77053	43.67717	45.93724	41.94394	38.04314
alpha_rarefaction_376_3.txt	376	3	47.60557	45.83271	43.31574	45.53241	46.46184	46.35643	46.46082	43.60587	42.58879	44.93858	49.27248	45.9628	45.86841	44.99759	43.69706	43.28307	41.21824	44.59954	43.60199	41.48276	46.72019	43.09679	44.85852	49.97818	43.02551	48.43554	43.0743	42.21023	41.78092	35.71875
alpha_rarefaction_376_4.txt	376	4	50.91188	45.99468	42.29941	43.39469	40.40776	47.39805	43.38326	44.44537	44.40754	44.93414	46.02126	43.28004	48.34773	39.54379	41.64931	45.22908	45.3531	44.70728	42.45446	48.18278	43.18893	41.61092	45.64311	45.48358	45.2161	46.85693	42.35718	44.78835	40.16975	37.75423
alpha_rarefaction_376_5.txt	376	5	50.15397	47.83545	46.8019	42.84674	43.3396	42.01853	46.80383	43.61793	44.90416	49.0715	48.5818	41.34494	45.74157	41.54934	43.24742	45.7276	40.28786	43.91411	45.16395	45.0631	48.19745	40.99839	43.52808	45.78913	46.31119	48.19174	47.03639	45.79294	41.13303	33.18587
alpha_rarefaction_376_6.txt	376	6	48.02373	46.12526	44.67726	48.07934	44.72964	42.59009	46.13045	42.6018	42.9975	45.57177	47.65974	46.49646	47.67598	39.44814	44.22146	45.10924	44.53658	45.8741	43.34784	45.39913	46.23575	42.85168	43.50045	48.66778	50.0392	48.62872	43.33021	43.69292	42.70904	38.15956
alpha_rarefaction_376_7.txt	376	7	48.45454	47.63689	46.74032	43.1441	40.86554	43.70051	43.26749	43.32334	44.42121	43.90632	47.67841	45.70485	47.13871	41.12799	43.27335	46.49509	41.48605	45.34795	43.24054	45.48112	49.42763	43.29708	41.76488	49.33442	45.21982	44.95443	44.00609	44.11092	40.09249	38.9333
alpha_rarefaction_376_8.txt	376	8	48.22182	45.91143	42.24976	44.8096	44.61148	43.2401	44.98471	43.71244	42.79096	45.6631	46.31468	41.21208	47.31819	40.43494	42.72157	46.16284	45.09885	43.53766	45.39458	41.2308	44.97169	45.35551	43.89984	48.31245	46.77999	46.80967	45.42075	45.13447	40.76741	38.98675
alpha_rarefaction_376_9.txt	376	9	49.46439	45.86528	41.22242	42.31168	43.0027	44.47748	45.55342	44.94739	42.74131	44.52149	46.7576	44.28076	51.16355	39.64509	44.45517	46.33196	42.36742	45.62521	43.76101	47.12657	47.51006	38.98936	44.03372	43.30578	45.07927	48.34514	42.23298	42.03041	40.35397	40.71481
alpha_rarefaction_437_0.txt	437	0	55.01636	46.16957	44.7569	50.77073	47.96007	47.38323	48.52109	48.21868	47.90996	48.7377	46.53814	47.1898	50.59628	46.13479	47.76923	48.83213	44.2375	49.85185	48.84676	50.21256	50.11405	44.99931	45.25988	47.5707	49.02617	50.39253	46.16891	44.38126	46.07027	42.51954
alpha_rarefaction_437_1.txt	437	1	52.92597	50.24144	46.96995	44.92918	47.07799	45.50585	49.35326	45.03537	46.72248	46.47357	48.99981	45.70474	48.5785	43.1464	50.60899	49.11737	44.50577	51.08896	48.59328	49.27564	50.09661	46.42058	48.88487	52.84067	48.89643	47.55601	48.20828	45.11866	46.26928	40.07436
alpha_rarefaction_437_2.txt	437	2	49.91593	47.11693	52.09085	47.85708	46.80166	46.12207	47.88368	46.62125	48.4868	48.60029	47.30076	50.5747	51.09192	43.47686	48.17856	48.86906	49.72798	47.08402	50.46891	45.54324	50.0873	45.7282	44.83712	49.87969	50.06584	48.78021	47.21385	49.91821	43.82992	39.86345
alpha_rarefaction_437_3.txt	437	3	51.02591	49.51564	48.60241	49.47626	52.12589	47.98938	49.02416	48.02668	46.77786	48.41761	50.70625	52.48774	50.91181	43.89132	46.18192	48.39552	47.81205	49.35785	48.59806	50.78475	48.67906	49.92139	47.06682	51.77371	48.86644	49.33879	46.20418	44.17516	49.92904	41.87612
alpha_rarefaction_437_4.txt	437	4	51.90115	52.94867	49.17993	50.47681	45.36119	48.04307	49.607	47.27905	49.81997	50.11892	51.67674	48.03332	49.18072	44.21394	44.92715	49.71	49.88212	49.36164	50.94708	45.84613	50.58646	44.55004	45.24464	52.18174	49.31957	50.64138	48.54175	47.93443	42.76442	38.50451
alpha_rarefaction_437_5.txt	437	5	52.09426	48.55674	48.81147	45.64051	46.30061	46.54734	48.67642	48.7151	51.4547	47.10172	51.57536	46.4886	50.59693	43.12772	50.96855	47.81395	44.06564	47.90318	49.40262	46.7618	50.21679	46.69213	46.57826	50.29693	49.45314	51.71278	48.79671	50.64753	44.7219	39.45475
alpha_rarefaction_437_6.txt	437	6	51.51047	50.19394	49.77161	47.12969	46.32633	44.38097	49.82402	46.77371	47.80744	47.69476	52.94093	47.67923	51.42582	46.59575	51.05583	50.38909	47.20005	49.32687	48.89417	51.28332	51.34484	49.26121	49.44916	50.65165	50.24077	47.49402	48.93486	45.16665	45.76274	37.15727
alpha_rarefaction_437_7.txt	437	7	53.48264	47.78889	45.97451	48.52492	48.71537	48.17937	49.3935	47.56928	44.12332	51.9322	52.42617	52.66772	49.85469	42.91458	47.19504	52.82926	44.85492	51.23594	50.23617	48.90963	50.35494	43.63467	48.63011	48.44778	52.04368	49.95311	50.23666	48.04466	43.36957	39.72967
alpha_rarefaction_437_8.txt	437	8	51.56003	49.1035	45.02728	47.20603	46.76195	49.03137	49.65913	47.58915	45.80402	46.80459	52.30863	48.87901	48.20462	42.84063	45.77831	52.03128	45.57434	51.78415	49.65048	47.63923	51.25487	45.6426	49.09606	49.56675	47.97067	50.39394	46.79043	47.05608	45.81977	38.35012
alpha_rarefaction_437_9.txt	437	9	52.18296	52.449	47.69457	49.31194	46.81777	45.6376	48.83727	47.55641	48.66925	52.0618	52.26039	47.0472	51.08201	44.48108	44.92782	47.70887	46.42544	51.7516	45.58904	47.88044	49.21517	47.8472	47.79244	49.45132	47.27876	51.92286	48.85298	48.74315	42.70558	40.89586
alpha_rarefaction_498_0.txt	498	0	56.59538	54.96855	50.51232	52.2405	50.36253	47.54408	51.85841	49.99214	50.31976	52.77512	57.25739	52.39632	57.28052	48.55637	51.84446	54.12172	47.66485	51.91928	52.31422	53.00774	60.47084	46.07195	48.49167	56.30818	53.36105	51.51202	52.07435	49.47067	48.22762	43.14956
alpha_rarefaction_498_1.txt	498	1	57.30502	51.27153	48.62527	49.822	49.45252	48.66577	52.24659	49.03981	52.38191	55.27624	54.14423	51.60455	54.28864	48.83019	51.71428	51.04597	48.86569	52.53701	50.4236	52.0623	49.75996	49.10865	51.02982	54.58258	52.11645	55.11397	48.63845	51.10039	49.38448	43.91838
alpha_rarefaction_498_2.txt	498	2	55.40581	50.44702	56.74419	51.87228	52.09455	50.00209	51.47397	50.7134	50.48897	51.13464	51.70806	54.63051	54.98807	42.72382	49.63427	52.53177	48.28003	54.7256	52.46819	53.60779	52.7245	51.93946	50.45467	55.90602	54.27998	55.5104	51.68164	52.33841	49.41571	42.68732
alpha_rarefaction_498_3.txt	498	3	58.26365	52.87322	50.26385	52.19089	52.54987	53.99466	51.818	52.04946	51.26836	54.38866	56.61224	52.69146	54.60147	48.61236	52.82513	52.26422	48.84866	54.49672	51.62086	52.33965	52.47122	51.82262	50.04173	57.72472	54.11799	52.65136	49.78361	51.82671	44.67808	43.55782
alpha_rarefaction_498_4.txt	498	4	54.01232	54.15062	52.87651	54.07775	51.83555	51.62911	50.53017	51.52562	49.27431	50.21689	54.16425	48.68326	57.39586	45.4151	52.91887	52.6307	50.07972	54.14486	51.57569	54.33077	55.52344	48.06017	52.21932	54.62804	53.4389	52.85694	51.18083	47.32267	49.9743	41.27732
alpha_rarefaction_498_5.txt	498	5	57.16409	52.35393	51.75839	49.22919	52.07442	47.25856	50.47739	52.02586	49.90415	54.05163	54.38621	47.39303	51.7081	47.97708	51.11045	53.59494	47.02816	52.7188	50.23111	48.83695	52.9381	49.54996	52.98514	54.81508	53.8955	51.84693	50.9402	51.83955	46.28744	39.74534
alpha_rarefaction_498_6.txt	498	6	59.52051	56.88343	51.0322	51.93967	48.34176	50.48134	50.86775	46.96843	52.42039	53.12921	56.03484	49.1687	55.27879	46.39203	51.00808	52.35134	48.32446	52.86482	48.17674	53.41277	55.7502	48.05026	49.98037	53.45496	54.95423	50.60509	50.26816	51.22892	49.33609	44.67425
alpha_rarefaction_498_7.txt	498	7	56.46454	54.9938	50.76191	49.66053	49.58598	48.20825	49.94466	50.51106	50.22035	51.4711	52.3666	52.85137	55.79741	43.9235	50.46077	54.9352	52.13103	54.89691	49.45484	51.48315	53.84191	52.47747	52.23626	57.8708	55.14249	53.70256	50.68678	50.07195	50.74663	41.06249
alpha_rarefaction_498_8.txt	498	8	55.59786	52.72241	52.47102	55.8887	51.17941	51.57743	50.58089	48.37168	51.45637	50.441	49.17111	51.30558	57.11949	45.51585	51.20346	53.50136	51.05567	55.11446	50.87455	51.4369	53.85539	47.31842	51.7541	51.39866	53.58822	52.52572	53.52356	51.33747	50.38659	44.39858
alpha_rarefaction_498_9.txt	498	9	57.08562	54.68167	47.03724	51.21188	52.08008	47.22701	51.18144	49.57189	52.14157	52.79013	56.97354	52.11711	53.98023	44.53102	52.21761	51.73095	49.4758	54.1984	53.96099	52.8532	56.52295	49.50328	49.52286	54.65089	51.82394	53.51647	49.37685	47.42629	48.14558	38.84529
alpha_rarefaction_559_0.txt	559	0	59.11003	56.79908	55.67468	53.42805	53.53207	56.28186	52.28247	56.19648	58.11897	55.4196	56.66847	54.12419	53.78076	48.17253	54.15673	56.35507	53.96762	56.44476	53.70975	55.67017	57.92255	50.52073	52.37413	59.94963	54.91772	57.89944	52.38882	53.55015	52.06326	43.94589
alpha_rarefaction_559_1.txt	559	1	58.54029	57.47692	53.20657	55.69313	52.50847	51.51851	54.77249	51.88579	50.57142	56.94457	59.21395	55.90229	53.20691	49.78662	53.62837	53.27797	49.13632	57.26303	55.39722	53.42967	57.83596	47.93758	56.2688	57.47885	55.44908	55.77199	50.65867	52.89158	50.95112	44.15824
alpha_rarefaction_559_2.txt	559	2	58.16295	52.72005	52.43093	53.33398	54.59216	53.52165	53.44068	52.73168	50.71441	56.31059	59.72097	56.33527	54.32672	48.8952	55.17581	56.20017	53.16128	52.02521	58.83564	57.25995	54.53611	52.77334	56.98106	53.67802	56.59468	59.22725	55.1726	52.59268	53.32246	45.84147
alpha_rarefaction_559_3.txt	559	3	57.76476	56.51539	55.46585	54.79201	54.8582	52.15954	54.80084	53.39031	53.01132	54.47163	56.9129	52.26639	55.78682	51.58305	53.98098	53.15047	53.6532	53.7488	53.70107	55.04339	56.70548	50.43097	53.65694	57.89202	56.09296	57.14737	54.91597	52.58068	50.32065	45.83091
alpha_rarefaction_559_4.txt	559	4	60.63979	56.93715	51.57505	55.37115	53.56604	53.13631	55.14546	57.06215	54.38045	54.37533	55.27485	54.08651	56.65041	50.66016	57.10232	53.77993	49.51911	55.24439	54.6155	55.40562	54.32151	50.63146	55.23126	58.10122	55.15108	56.56127	53.34687	55.56405	52.53676	42.43553
alpha_rarefaction_559_5.txt	559	5	61.54641	55.88788	57.06678	57.33615	51.92179	51.68526	54.00228	49.85013	55.58096	56.78212	58.39222	52.24498	57.96803	50.40125	51.60753	60.65601	50.93941	56.10547	53.14459	57.27192	57.79789	52.99342	55.18161	60.6833	58.36296	56.61744	53.91795	56.45461	49.30015	42.60184
alpha_rarefaction_559_6.txt	559	6	60.47001	56.01206	52.00409	53.3475	54.97823	58.01548	55.2367	52.56877	53.71456	54.05651	55.54327	55.38284	56.60086	48.93081	53.05136	56.08092	51.98835	54.60738	56.17008	55.41028	54.06354	53.61364	57.28542	59.34382	56.31868	53.45549	51.63332	53.84949	49.68496	44.53865
alpha_rarefaction_559_7.txt	559	7	59.5381	54.10998	54.86673	53.2577	54.09721	54.15593	54.37799	52.68441	50.55348	55.20728	55.07954	55.29221	60.51328	45.39561	53.94964	56.13309	54.19084	57.02079	51.53846	53.77685	59.60151	51.56045	54.56549	57.24101	55.91113	57.22532	52.54917	54.83141	49.1738	46.58212
alpha_rarefaction_559_8.txt	559	8	58.7309	55.46965	57.54576	55.16334	50.30192	54.00852	54.32851	52.0702	54.32958	56.5772	53.94753	55.47572	57.24955	51.42082	53.45646	53.82115	55.25913	55.94508	54.86234	55.47185	54.85029	50.96802	51.57324	57.43807	57.07297	56.79413	56.05397	51.84035	49.43428	46.73896
alpha_rarefaction_559_9.txt	559	9	60.69075	54.48616	56.89385	56.28985	51.39489	52.79612	55.24733	52.0952	52.03543	56.3737	57.87745	56.15825	59.8452	50.38523	55.80368	54.2842	52.71658	54.86002	53.79	58.7985	56.04953	52.49822	53.90317	58.35661	58.48399	56.31536	54.32504	52.41967	52.90963	45.05817
alpha_rarefaction_620_0.txt	620	0	66.11329	58.69596	59.7068	54.19261	52.81871	56.22696	57.59916	55.71319	58.22684	57.41862	63.60647	59.67998	61.82425	48.76408	58.84262	60.9215	51.67931	59.24803	58.73981	56.80259	56.16779	53.99613	56.50958	62.4218	57.3972	58.60568	57.35608	57.764	52.24485	47.65182
alpha_rarefaction_620_1.txt	620	1	63.85444	60.32505	55.6138	59.37333	54.85584	54.47852	55.86003	55.70959	58.97136	58.06606	59.03955	56.03918	59.49828	54.46887	58.43524	58.94995	54.23226	54.79145	56.61426	58.60221	55.45775	54.56128	55.43302	57.92751	62.54532	55.7187	55.89473	58.73	50.60258	45.24707
alpha_rarefaction_620_2.txt	620	2	65.78579	56.84459	57.4299	55.8261	57.27441	53.0756	57.11767	54.6571	55.8825	54.30883	60.47942	57.17461	58.39181	57.43456	58.20054	58.9271	55.56843	58.78626	54.94452	60.40241	58.82624	53.50082	55.47952	60.26555	58.99852	60.7854	52.97965	56.17676	56.33575	44.31883
alpha_rarefaction_620_3.txt	620	3	61.37564	61.49417	54.97949	57.88585	53.30608	55.75843	56.25603	51.9884	58.57069	61.07802	60.15735	60.21915	60.07716	52.45438	57.37441	59.77405	53.88689	61.02664	59.41669	59.55273	64.54858	55.13662	54.63675	61.66415	58.71681	59.71259	57.1595	56.34064	56.04833	48.12934
alpha_rarefaction_620_4.txt	620	4	63.07302	58.17442	57.04807	56.82207	57.10939	52.64854	57.56987	57.16359	58.18122	60.46581	59.84098	57.04412	61.27638	51.24073	58.15505	59.55111	55.24884	57.80287	54.37566	57.4867	60.83138	52.30209	55.40993	61.89254	58.85474	56.41016	57.01456	59.56782	55.12028	45.325
alpha_rarefaction_620_5.txt	620	5	66.86369	56.76155	57.62151	58.31457	57.93965	54.59596	55.49784	55.50645	56.68857	57.74091	61.19475	59.61665	64.77335	51.28655	53.05997	55.07688	54.38907	58.50256	56.59306	60.84697	60.57409	51.51327	53.12304	61.15447	56.3211	58.38938	56.34225	55.19048	57.77099	47.13597
alpha_rarefaction_620_6.txt	620	6	62.00011	56.46997	56.46133	59.49878	53.37363	56.9217	57.43082	54.6833	56.69866	57.30641	58.49346	57.11536	59.82435	52.40846	52.07314	58.77566	55.5344	60.35281	59.22765	56.16668	60.83141	54.37449	55.30858	60.326	61.59964	59.96927	56.05914	57.69966	55.0121	47.75838
alpha_rarefaction_620_7.txt	620	7	65.27911	58.39543	56.0176	56.73949	58.57249	54.36674	55.63255	55.05295	55.33134	59.39212	62.42284	60.01192	58.24406	51.70343	54.60951	59.33855	57.43649	56.89901	55.56558	58.48531	56.97787	50.10556	56.17402	59.0071	60.21936	60.48519	57.26046	60.95456	51.933	46.74478
alpha_rarefaction_620_8.txt	620	8	61.14287	60.50015	55.68784	53.51704	56.27592	56.33092	56.20599	54.95005	55.83043	57.56916	59.40369	57.23729	61.76558	52.44859	57.41264	60.11934	55.11699	60.0089	57.78251	57.31363	57.56328	58.35556	58.24078	60.33795	60.71154	56.2954	53.83352	56.11038	53.38277	47.09281
alpha_rarefaction_620_9.txt	620	9	63.94737	57.87857	55.69559	57.88982	56.29202	54.54651	55.91472	57.01278	54.64234	58.00596	61.4594	57.82583	58.88039	54.38615	59.06228	58.32861	54.72912	58.68374	58.97963	55.81208	60.52383	54.10584	57.25979	60.11608	60.73251	59.95401	57.69478	54.49577	50.75798	48.91372