# Constructed from biom file
#OTU ID	515rcbc8	515rcbc9	515rcbc10	515rcbc11	515rcbc12	515rcbc13	515rcbc14	515rcbc15	515rcbc16	515rcbc17	515rcbc18	515rcbc19	515rcbc20	515rcbc21	515rcbc22	515rcbc23	515rcbc24	515rcbc25	515rcbc26	515rcbc27	515rcbc28	515rcbc29	515rcbc30	515rcbc31	515rcbc32	515rcbc33	515rcbc34	515rcbc35	515rcbc36	515rcbc37
Unassigned;Other;Other	0.005405758877	0.00227154547196	0.00206399881209	0.0022602815245	0.00991305409289	0.00438754744757	0.00351055341989	0.00366247059109	0.00235340982352	0.00311127838414	0.00303963335407	0.00368386418288	0.00133868808568	0.00601724099459	0.0038935552943	0.00275621351628	0.0025206882065	0.00406572336286	0.00455975378465	0.00275009913148	0.00332656877959	0.00258998430806	0.00314261088643	0.00197897854261	0.00270239837856	0.00295462050507	0.00316737602692	0.00303528647419	0.00419227900517	0.00298223814049
k__Archaea;p__Crenarchaeota;c__MBGA	8.71896593064e-05	0.0	0.0	0.0	0.0	0.0	0.0	0.0	2.62072363421e-05	0.0	0.0	0.0	0.0	0.0	0.0	0.0	0.0	6.99780268996e-05	0.0	0.0	0.0	0.0	0.0	0.0	8.04285231715e-06	0.0	0.0	0.0	0.0	0.0
k__Archaea;p__Crenarchaeota;c__MCG	0.0	0.0	0.0	0.0	5.54855820715e-07	0.0	0.0	0.0	0.0	0.0	0.0	0.0	0.0	0.0	0.0	0.0	0.0	0.0	0.0	0.0	0.0	0.0	6.62998077306e-06	0.0	0.0	0.0	0.0	0.0	0.0	0.0
k__Archaea;p__Crenarchaeota;c__Thaumarchaeota	0.0114654401988	0.0447877610225	0.0141361645259	0.0101988312691	0.00136161618403	0.0194697417986	0.0249220279974	0.0226135325459	0.0269515218542	0.0325262409568	0.0292545023585	0.0172569664393	0.0160642570281	0.0120939849904	0.0144521977801	0.0290545826563	0.0527976708059	0.0047375124211	0.0597310710595	0.0169099118689	0.0410727786399	0.0278599779553	0.0577471325333	0.00782596060034	0.00575063940676	0.0161026817526	0.0373297888887	0.0288910545336	0.00465523006096	0.0195161172429
k__Archaea;p__Euryarchaeota;c__Methanobacteria	0.0	2.73680177345e-05	4.94963743906e-06	0.0	1.9419953725e-05	0.0	0.0	0.0	0.0	0.0	0.0	1.23000473552e-05	0.0	0.0	0.0	2.40717337666e-05	0.0	0.0	0.0	0.0	0.0	0.0	6.62998077306e-06	0.0	0.0	0.0	0.0	0.0	0.0	0.0
k__Archaea;p__Euryarchaeota;c__Methanomicrobia	0.0	2.73680177345e-05	0.0	0.0	8.87769313144e-06	0.0	0.0	0.0	0.0	0.0	0.0	0.0	0.0	0.0	0.0	0.0	0.0	0.0	0.0	0.0	0.0	0.0	0.0	0.0	0.0	0.0	0.0	0.0	0.0	0.0
k__Archaea;p__Euryarchaeota;c__Thermoplasmata	0.0	2.73680177345e-05	7.91941990249e-05	0.0	1.66456746214e-06	0.0	0.0	0.0	5.24144726842e-06	6.69092125622e-05	6.29975824678e-05	0.0	0.0	0.0	0.0	0.0	0.0	0.0	0.000335025496008	0.0	0.0	0.000124883939382	0.00086852748127	0.0	0.0	0.0	4.24202146463e-05	0.000101514597799	0.0	4.38564432425e-05
k__Archaea;p__[Parvarchaeota];c__[Micrarchaea]	0.0	0.0	0.0	0.0	0.0	0.0	0.0	0.0	0.0	0.0	0.0	0.0	0.0	0.0	0.0	0.0	0.0	0.0	1.70351947123e-05	0.0	0.0	0.0	4.64098654114e-05	0.0	0.0	0.0	0.0	0.0	0.0	0.0
k__Archaea;p__[Parvarchaeota];c__[Parvarchaea]	8.71896593064e-05	2.73680177345e-05	0.0	7.35050902275e-05	3.32913492429e-06	1.4432721867e-05	7.97853049975e-05	2.42547721264e-05	4.19315781474e-05	0.0	7.87469780847e-05	1.23000473552e-05	0.0	7.43787514783e-05	5.36425528491e-05	3.61076006499e-05	0.000127011421258	2.09934080699e-05	5.67839823743e-05	0.0	2.38748955473e-05	3.80081554642e-05	1.98899423192e-05	6.22755485438e-05	6.43428185372e-05	5.21403618541e-05	9.89805008413e-05	0.0	0.0	0.000453183246839
k__Bacteria;Other;Other	0.0	0.0	0.0	0.0	1.10971164143e-05	0.0	0.0	0.0	0.0	0.0	0.0	0.0	0.0	0.0	0.0	0.0	0.0	0.0	0.0	0.0	0.0	0.0	0.0	6.91950539375e-06	0.0	0.0	0.0	2.03029195598e-05	0.0	0.0
k__Bacteria;p__;c__	0.00013078448896	0.000205260133009	0.000183136585245	0.000229703406961	0.000323480943477	0.000909261477622	0.000427939363168	0.000185953252969	7.86217090263e-05	9.2000167273e-05	0.000212616840829	0.000239850923426	0.0	0.000200822628991	0.00043361063553	7.22152012999e-05	0.000263792951843	6.99780268996e-05	0.000272563115396	0.00024303201627	0.000461581313915	0.000179181304331	0.000192269442419	4.84365377563e-05	2.41285569514e-05	0.000182491266489	0.000254521287878	0.000142120436919	2.57195030992e-05	0.000204663401798
k__Bacteria;p__AD3;c__ABS-6	0.00013078448896	0.0	2.96978246343e-05	9.18813627844e-06	0.0	0.0	7.25320954522e-06	0.0	2.09657890737e-05	0.0	0.0	6.15002367759e-06	0.0	0.0	0.0	0.0	0.0	4.89846188297e-05	0.0	0.0	0.0	0.0	6.62998077306e-05	0.0	8.84713754886e-05	0.0	0.0	0.0	0.0	0.0
k__Bacteria;p__AD3;c__JG37-AG-4	0.0	0.0	4.94963743906e-06	0.0	0.0	0.0	0.0	0.0	1.57243418053e-05	0.0	0.0	0.0	0.0	0.0	0.0	0.0	0.0	0.000489846188297	1.13567964749e-05	0.0	0.0	0.0	0.0	0.0	6.43428185372e-05	0.0	0.0	0.0	0.0	0.0
k__Bacteria;p__Acidobacteria;Other	0.0	0.0	0.0	0.0	1.10971164143e-06	0.0	0.0	0.0	0.0	0.0	0.0	0.0	0.0	0.0	0.0	0.0	0.0	0.0	0.0	0.0	0.0	0.0	0.0	0.0	0.0	0.0	0.0	0.0	0.0	0.0
k__Bacteria;p__Acidobacteria;c__	0.000239771563093	0.00119050877145	0.00229663177172	0.000624793266934	0.000655839580085	0.00282881348594	0.0012983245086	0.00144720140354	0.000676146697626	0.00172291222348	0.00696123286269	0.00143295551688	0.0	0.0068577208863	0.00180149573318	0.000529578142866	0.00160229792971	8.39736322795e-05	0.00516734239606	0.00110003965259	0.00142453543432	0.00448496234478	0.00132599615461	0.000297538731931	0.000378014058906	0.000999356935537	0.00387437960436	0.00167499086369	0.000180036521694	0.00108179226665
k__Bacteria;p__Acidobacteria;c__AT-s54	4.35948296532e-05	8.21040532034e-05	7.42445615859e-05	8.26932265059e-05	7.04666892308e-05	0.000173192662404	0.000188583448176	0.000210208025096	0.0	0.000234182243968	0.000125995164936	7.99503078087e-05	0.00133868808568	0.000148757502957	0.00015645744581	7.22152012999e-05	0.000234482623861	3.49890134498e-05	1.70351947123e-05	0.000153493905013	0.000183040865863	2.17189459796e-05	0.000232049327057	4.84365377563e-05	0.000297585535734	0.000252011748962	9.89805008413e-05	8.12116782393e-05	7.71585092976e-05	0.000219282216212
k__Bacteria;p__Acidobacteria;c__Acidobacteria-5	0.00514418989908	0.00983880237554	0.00964684336872	0.00544856481311	0.009857013655	0.0106513487379	0.00837020381519	0.00412331126149	0.00699209065607	0.00339564253753	0.00648087629637	0.00653747516928	0.00401606425703	0.00877669267444	0.00723280420915	0.00986941084432	0.00474338807851	0.00703279170341	0.00619513247703	0.00474551989665	0.00775138275437	0.00346417188374	0.0047006563681	0.00666348369419	0.0090079945952	0.00479691329058	0.00417132110688	0.00360376822187	0.00154317018595	0.00447335721073
k__Bacteria;p__Acidobacteria;c__Acidobacteria-6	0.0776205941975	0.0847861189414	0.117237112382	0.0865706200154	0.100624767654	0.127541963139	0.0812069340683	0.118015636243	0.0826995550011	0.110592564714	0.10765499374	0.107041162108	0.115127175368	0.109232634421	0.101970022753	0.103002948787	0.128701650171	0.0618535779765	0.11675354616	0.139628288927	0.12059209741	0.0973986132453	0.0998674003845	0.108054996229	0.104693808612	0.0771590454838	0.102854880446	0.105839119665	0.0299889406137	0.0925224764272
k__Bacteria;p__Acidobacteria;c__Acidobacteriia	0.0591145890097	0.000451572292619	0.00235602742099	0.00583446653681	0.000128171694585	0.000115461774936	0.000203089867266	4.04246202107e-05	0.0141099760466	0.000117091121984	1.57493956169e-05	0.00418201610076	0.00401606425703	2.23136254435e-05	0.00029503404067	0.000433291207799	2.93103279826e-05	0.0671509146128	2.83919911871e-05	8.95381112575e-05	0.000143249373284	0.00094477415011	0.000311609096334	0.0116455275777	0.0280856402915	0.00178146236335	0.000183820930134	0.000192877735818	0.00095162161467	0.000409326803596
k__Bacteria;p__Acidobacteria;c__BPC102	0.00013078448896	0.00112208872711	0.000593956492687	0.000220515270682	0.000283531324385	0.000851530590154	0.00063828243998	0.00125316322653	0.000178209207126	0.000644001170911	0.00229941176007	0.000492001894207	0.0	0.00293052280824	0.00086722127106	0.000553649876632	0.00146063134446	2.09934080699e-05	0.00338432534951	0.000524437508794	0.000668497075325	0.00094477415011	0.00267188225154	0.000179907140238	0.000209114160246	0.000547473799468	0.00192304973063	0.00239574450806	0.000154317018595	0.000394707989182
k__Bacteria;p__Acidobacteria;c__DA052	0.0198138500774	0.000561044363557	0.0017620709283	0.00133227976037	0.00036509513003	0.000432981656011	0.000355407267716	0.000129358784674	0.00404639729122	0.000326182411241	0.000251990329871	0.000492001894207	0.0	0.0001710711284	0.000326325529832	0.000300896672083	0.000297988334489	0.0105246952457	0.00019874393831	0.000230240857519	0.000278540448052	0.000542973649489	0.000384538884837	0.00220732222061	0.00462464008236	0.00139040964944	0.00056560286195	0.000456815690096	0.000282914534091	0.000292376288283
k__Bacteria;p__Acidobacteria;c__EC1113	0.00146042679338	0.00106735269164	0.000554359393174	0.000633981403212	0.000102648326832	0.000317519881074	0.000355407267716	0.000315312037643	0.000545110515916	0.000409818926944	0.00115758057785	0.000504301941562	0.0	0.000357018007096	0.00015645744581	0.000361076006499	0.00041522964642	0.000363885739878	0.000800654151477	0.00024303201627	0.000318331940631	0.000852468629697	0.00204866405887	0.000546640926107	0.00111795647208	0.000451883136069	0.000777703935182	0.00209120071466	7.71585092976e-05	0.000336232731525
k__Bacteria;p__Acidobacteria;c__GAL08	0.0	0.0	0.0	0.0	0.0	0.0	0.0	0.0	0.0	0.0	0.0	0.0	0.0	0.0	0.0	0.0	0.0	0.0	2.27135929497e-05	0.0	0.0	0.0	0.0	0.0	0.0	0.0	0.0	0.0	0.0	0.0
k__Bacteria;p__Acidobacteria;c__Holophagae	0.0	0.0	0.0	0.0	0.0	0.0	0.0	0.0	0.0	0.0	0.0	0.0	0.0	0.0	0.0	0.0	0.0	0.0	0.0	0.0	0.0	0.0	0.0	1.38390107875e-05	0.0	0.0	0.0	0.0	0.0	0.0
k__Bacteria;p__Acidobacteria;c__PAUC37f	0.000544935370665	0.00361257834095	0.00290543717673	0.000202138998126	0.00192867883281	0.00304530431394	0.00305360121854	0.00218292949138	0.00145188089335	0.0023920043491	0.00332312247518	0.00223860861864	0.0	0.00324291356445	0.00229768934704	0.00235902990913	0.00356120484988	0.000174945067249	0.0101302624556	0.00150935673263	0.00353348454101	0.00379538580993	0.00346747994431	0.000643514001619	0.000498656843663	0.00305890122877	0.00482176439813	0.00342104194583	0.000180036521694	0.00168116365763
k__Bacteria;p__Acidobacteria;c__RB25	0.000261568977919	0.00164208106407	0.00280644442795	0.000514535631592	0.00438779983021	0.0084431422922	0.00345252774353	0.00641134476542	0.00124746444988	0.00282691423075	0.00779595083039	0.00230010885542	0.00401606425703	0.0214136425506	0.00629852974703	0.00120358668833	0.0043672388694	0.000426865964087	0.00717749537211	0.00372222719656	0.00305598663006	0.00302979296415	0.0011072067891	0.000996408776701	0.000482571139029	0.0034673340633	0.0106898940909	0.00223332115158	0.00030863403719	0.00178349535853
k__Bacteria;p__Acidobacteria;c__S035	0.0	0.00149155696653	0.00104437349964	9.18813627844e-05	0.000616444816814	0.000808232424553	0.0012983245086	0.0010752948976	0.000319728283374	0.00180654873918	0.00177180700691	0.000725702793956	0.0	0.000751225389931	0.000952155313071	0.00018053800325	0.00198333219349	2.79912107598e-05	0.00396352196972	0.000920963430077	0.00138474394175	0.00101536072454	0.00297023138633	0.000200665656419	4.82571139029e-05	0.000860315970593	0.00254521287878	0.00160393064523	0.000154317018595	0.000862510050435
k__Bacteria;p__Acidobacteria;c__Solibacteres	0.0210345053077	0.0039683625715	0.00417254436113	0.00726781579624	0.00692571035416	0.00305973703581	0.00313338652354	0.00280546864262	0.00818714063327	0.00218291305984	0.00210254431486	0.00738002841311	0.00401606425703	0.00322803781416	0.00322302338368	0.00657158331829	0.00316551542212	0.0252340765	0.0022600024985	0.0030059223065	0.0036846922128	0.00383882370189	0.00287078167473	0.00704405649084	0.0149757910145	0.00482298347151	0.00275731395201	0.00305558939375	0.00522105912914	0.00381551056209
k__Bacteria;p__Acidobacteria;c__Sva0725	0.00202715957887	0.00351679027888	0.00140074739525	0.00168142893895	0.00262668745526	0.00382467129476	0.00368463044897	0.00217484456734	0.000686629592163	0.00162254840463	0.00374048145902	0.00323491245441	0.0107095046854	0.00184459303666	0.00191325105162	0.0023831016429	0.00233017107461	0.000328896726428	0.00210100734785	0.00346640402154	0.00214078230074	0.00149317753609	0.00305642113638	0.000837260152644	0.00264609841234	0.0018336027252	0.00190890965908	0.00362407114143	0.000282914534091	0.00168116365763
k__Bacteria;p__Acidobacteria;c__TM1	0.00562373302526	5.4736035469e-05	6.43452867077e-05	4.59406813922e-05	5.43758704301e-05	0.000115461774936	4.35192572713e-05	4.85095442528e-05	0.000172967759858	3.34546062811e-05	9.44963737017e-05	3.69001420655e-05	0.0	8.18166266261e-05	4.02319146368e-05	0.0	5.86206559651e-05	0.000531833004437	2.83919911871e-05	0.0	3.18331940631e-05	4.34378919591e-05	4.64098654114e-05	2.07585161813e-05	0.000538871105249	1.7380120618e-05	4.24202146463e-05	7.10602184594e-05	5.14390061984e-05	0.0
k__Bacteria;p__Acidobacteria;c__[Chloracidobacteria]	0.0230834623014	0.0573223131449	0.0317667730839	0.0311569701202	0.0398724941324	0.048840330798	0.0311090157395	0.0275776759077	0.0288332014236	0.0238782252331	0.03905850113	0.0413220090897	0.0267737617135	0.0386843886439	0.0410142018659	0.0479990371306	0.0353238302737	0.0384179367679	0.0429684394626	0.0247125187071	0.0403167402809	0.030754027507	0.0357223364052	0.0283215355766	0.0285360400212	0.0289031405878	0.0370611275293	0.10287489341	0.00761297291736	0.036356991448
k__Bacteria;p__Acidobacteria;c__iii1-8	0.00405431915775	0.00296942992419	0.00196995570074	0.00250836120401	0.000833948298535	0.0039834312353	0.00235003989265	0.00510967199463	0.00100635787554	0.00204909463472	0.00354361401381	0.00215865831083	0.00133868808568	0.00454454171532	0.00299504253407	0.00314136125654	0.00367844616181	0.00286210130019	0.00289598310109	0.00241752900395	0.0016632843898	0.00305694164662	0.00548962408009	0.000795743120282	0.0030964981421	0.00343257382206	0.00376125903197	0.00410118975109	0.000437231552686	0.00611066442512
k__Bacteria;p__Actinobacteria;Other	0.0	0.0	0.0	0.0	1.33165396972e-05	0.0	2.17596286357e-05	1.61698480843e-05	0.0	0.0	0.0	0.0	0.0	0.0	0.0	1.20358668833e-05	0.0	0.0	0.0	0.0	0.0	0.0	0.0	0.0	0.0	0.0	0.0	0.0	0.0	0.0
k__Bacteria;p__Actinobacteria;c__Acidimicrobiia	0.00963445735336	0.0169681709954	0.0202935135001	0.0137454518725	0.0140439556781	0.0151110597948	0.0139189091173	0.0412977920072	0.0143405997264	0.0287876887049	0.030632574475	0.0100429886655	0.0200803212851	0.0197103691417	0.0172058488263	0.0155142324126	0.0200873447774	0.0110915172636	0.021691481267	0.026976553806	0.0149377263141	0.0216755080876	0.0172445799907	0.00872549630152	0.00845303778532	0.0208213845004	0.0299910917549	0.0160697608316	0.00357501093079	0.0203347708501
k__Bacteria;p__Actinobacteria;c__Actinobacteria	0.03707740262	0.0419414871781	0.0336525849482	0.0347770958139	0.0246111847836	0.0237418274712	0.0360992239066	0.0496414336187	0.0464077741146	0.0513444569899	0.0362393593146	0.0397599030756	0.0401606425703	0.0227896494529	0.0372055806136	0.0363001745201	0.0361884849491	0.0426516073953	0.0228214825162	0.0373885570294	0.0316103617047	0.0532168473864	0.0296559039979	0.0327361800179	0.0278684832789	0.0373411891479	0.0282518629544	0.021815487067	0.148684447416	0.044017250201
k__Bacteria;p__Actinobacteria;c__Coriobacteriia	0.0	0.0	4.94963743906e-06	0.0	0.0	0.0	0.0	0.0	0.0	0.0	0.0	0.0	0.0	0.0	0.0	0.0	9.77010932752e-06	0.0	0.0	0.0	0.0	0.0	0.0	0.0	0.0	0.0	0.0	0.0	0.0	0.0
k__Bacteria;p__Actinobacteria;c__KIST-JJY010	0.0	0.0	0.0	0.0	2.21942328286e-06	0.0	0.0	0.0	0.0	0.0	7.87469780847e-06	0.0	0.0	0.0	0.0	0.0	0.0	0.0	0.0	0.0	0.0	0.0	0.0	0.0	0.0	0.0	0.0	0.0	0.0	0.0
k__Bacteria;p__Actinobacteria;c__MB-A2-108	0.000806504348584	0.0126713922111	0.0129383522657	0.00135984416921	0.00242693935981	0.00769264075512	0.0118082251396	0.0296878410827	0.00106925524276	0.0254338644252	0.0179779350967	0.00459406768716	0.0133868808568	0.00897007742828	0.0119622892853	0.00427273274358	0.0134925209813	0.000832738520105	0.0175576073501	0.0115248340347	0.0086745453822	0.0141227446232	0.0167804813366	0.00183366892934	0.000884713754886	0.0174583311608	0.0209838661784	0.00739026271978	0.000874463105373	0.00690008040348
k__Bacteria;p__Actinobacteria;c__Nitriliruptoria	0.0	0.0	1.48489123172e-05	0.0	3.883990745e-06	1.4432721867e-05	5.07724668166e-05	6.46793923371e-05	0.0	5.01819094217e-05	3.14987912339e-05	0.0	0.0	0.0	4.47021273742e-06	0.0	9.77010932752e-06	0.0	5.67839823743e-05	0.0	0.0	0.0	3.97798846383e-05	0.0	0.0	0.0	0.0	1.01514597799e-05	0.0	1.46188144142e-05
k__Bacteria;p__Actinobacteria;c__OPB41	0.0	1.36840088672e-05	0.0	0.0	9.43254895215e-06	0.0	0.0	1.61698480843e-05	0.0	8.36365157028e-06	0.0	0.0	0.0	0.0	0.0	0.0	4.88505466376e-06	6.99780268996e-06	5.67839823743e-06	0.0	1.59165970316e-05	5.42973649489e-06	0.000265199230922	0.0	0.0	0.0	0.0	0.0	0.0	0.0
k__Bacteria;p__Actinobacteria;c__Rubrobacteria	2.17974148266e-05	0.00370836640302	0.00101962531245	0.000101069499063	0.00158189394486	0.0013133776899	0.00182055559585	0.00129358784674	0.00115311839905	0.00298582361059	0.00219704068856	0.00126690487758	0.0	0.00127187665028	0.00138129573586	0.00132394535716	0.00295545807158	6.99780268996e-06	0.00378749162436	0.00124074239885	0.00139270224026	0.00102079046104	0.00253265265531	0.000456687355988	2.41285569514e-05	0.000938526513374	0.00323807638467	0.00158362772567	2.57195030992e-05	0.000570133762152
k__Bacteria;p__Actinobacteria;c__Thermoleophilia	0.0527061490507	0.0641232655519	0.060425173856	0.0646293505825	0.0171300637529	0.0401373995122	0.0666207296729	0.138260286045	0.0594904264966	0.109823108769	0.078613108222	0.0317402722	0.0722891566265	0.0403950999279	0.0640179166127	0.0477222121923	0.0643019745391	0.103749422681	0.0529680987587	0.0736514920887	0.0620190203335	0.0803926785433	0.0730822780614	0.0448729924785	0.0524393971078	0.0817560873872	0.0904823178405	0.0567771145491	0.0146343972634	0.0708720122798
k__Bacteria;p__Armatimonadetes;c__0319-6E2	0.000392353466879	0.000506308328088	0.000232632959636	0.000229703406961	0.000134829964434	0.000375250768542	0.000427939363168	0.00060636930316	0.000225382232542	0.000543637352068	0.000653599918103	0.00053505205995	0.0	0.000282639255617	0.000429140422793	0.000312932538966	0.000527585903686	0.000125960448419	0.000976684496837	0.000396525921283	0.000525247702041	0.000249767878765	0.000822117615859	0.000207585161813	0.00045039972976	0.00035629247267	0.000593883005048	0.000619239046575	0.000257195030992	0.00042394561801
k__Bacteria;p__Armatimonadetes;c__Armatimonadia	0.000196176733439	0.0	9.89927487812e-06	4.59406813922e-05	1.77553862629e-05	2.8865443734e-05	7.25320954522e-06	1.61698480843e-05	9.43460508316e-05	0.0	3.14987912339e-05	3.0750118388e-05	0.0	5.95030011826e-05	5.81127655865e-05	6.01793344166e-05	2.44252733188e-05	0.000230927488769	0.0	0.0	7.95829851578e-06	1.62892094847e-05	3.97798846383e-05	2.07585161813e-05	4.82571139029e-05	8.69006030902e-06	2.82801430975e-05	0.0	0.0	2.92376288283e-05
k__Bacteria;p__Armatimonadetes;c__Chthonomonadetes	0.000501340541012	0.000205260133009	4.94963743906e-06	8.26932265059e-05	3.4955916705e-05	0.000158759940537	8.70385145427e-05	3.23396961686e-05	0.000110070392637	4.18182578514e-05	0.000275614423297	0.000159900615617	0.0	0.00010413025207	0.000165397871285	1.20358668833e-05	0.000185632077223	0.000755762690515	0.000193065540072	1.27911587511e-05	7.1624686642e-05	5.97271014438e-05	0.000205529403965	4.84365377563e-05	0.000667556742323	0.000156421085562	9.89805008413e-05	0.000294392333618	2.57195030992e-05	0.000306995102697
k__Bacteria;p__Armatimonadetes;c__OPB50	8.71896593064e-05	0.0	0.0	0.0	0.0	0.0	0.0	0.0	2.62072363421e-05	0.0	0.0	4.30501657431e-05	0.0	0.0	0.0	0.0	0.0	3.49890134498e-05	0.0	0.0	0.0	1.08594729898e-05	0.0	3.45975269688e-05	2.41285569514e-05	0.0	0.0	0.0	0.0	1.46188144142e-05
k__Bacteria;p__Armatimonadetes;c__SHA-37	0.0	0.0	0.0	0.0	0.0	0.0	0.0	0.0	0.0	0.0	0.0	2.46000947104e-05	0.0	0.0	0.0	0.0	0.0	0.0	0.0	0.0	0.0	0.0	0.0	6.91950539375e-06	0.0	0.0	0.0	0.0	0.0	0.0
k__Bacteria;p__Armatimonadetes;c__SJA-176	0.0	0.0	0.0	0.0	1.1651972235e-05	0.0	0.0	0.0	5.24144726842e-06	0.0	7.87469780847e-06	0.0	0.0	0.0	0.0	0.0	0.0	6.99780268996e-06	1.13567964749e-05	0.0	0.0	0.0	0.000961347212093	2.07585161813e-05	0.0	0.0	0.0	0.0	0.0	0.0
k__Bacteria;p__Armatimonadetes;c__[Fimbriimonadia]	0.00102447849685	0.000451572292619	7.91941990249e-05	0.000551288176706	0.000396167055991	0.000432981656011	0.000435192572713	0.000388076354023	0.000644698014016	0.000342909714381	0.000448857775083	0.00103320397784	0.0	0.000215698379287	0.000286093615195	0.000469398808449	0.000581321504988	0.00113364403577	0.000170351947123	0.000153493905013	0.000350165134694	0.000114024466393	0.000444208711795	0.000595077463863	0.000989270835009	0.00026939186958	0.000466622361109	0.00122832663337	0.000462951055786	0.000701703091879
k__Bacteria;p__BHI80-139;c__	0.000108987074133	2.73680177345e-05	9.89927487812e-06	3.67525451137e-05	5.04918796851e-05	8.65963312021e-05	0.000101544933633	0.000145528632758	2.62072363421e-05	6.69092125622e-05	7.87469780847e-05	0.00017835068665	0.0	5.20651260348e-05	9.38744674859e-05	2.40717337666e-05	2.93103279826e-05	9.09714349694e-05	9.65327700362e-05	0.00011512042876	0.000135291074768	5.42973649489e-05	0.000132599615461	2.7678021575e-05	3.21714092686e-05	6.08304221631e-05	7.07003577438e-05	6.09087586795e-05	0.0	0.000116950515313
k__Bacteria;p__BRC1;c__NPL-UPA2	0.0	0.0	0.0	0.0	0.0	0.0	0.0	0.0	0.0	0.0	0.0	0.0	0.0	1.48757502957e-05	0.0	0.0	0.0	0.0	0.0	0.0	0.0	0.0	5.30398461844e-05	0.0	0.0	0.0	0.0	0.0	0.0	0.0
k__Bacteria;p__BRC1;c__PRR-11	0.000283366392746	0.000629464407893	0.000212834409879	0.000339961042302	0.000304615845573	0.000158759940537	0.00033364763908	0.00022637787318	0.000351176966984	0.000150545728265	0.000228366236446	0.000350551349623	0.0	0.000193384753844	0.000232451062346	0.000962869350665	0.000278448115834	0.000370883542568	0.000158995150648	0.000217449698768	0.000477497910947	0.000152032621857	0.000928197308228	0.000269860710356	0.00022519986488	0.000295462050507	0.000155540787036	8.12116782393e-05	0.000900182608472	0.000365470360354
k__Bacteria;p__Bacteroidetes;Other	2.17974148266e-05	0.0	0.0	0.0	2.27490886493e-05	0.0	0.0	0.0	0.0	1.67273031406e-05	0.0	0.0	0.0	0.0	0.0	0.0	0.0	0.0	0.0	0.0	0.0	0.0	3.97798846383e-05	0.0	0.0	0.0	0.0	0.0	0.0	0.0
k__Bacteria;p__Bacteroidetes;c__	2.17974148266e-05	1.36840088672e-05	0.0	0.0	0.0	0.0	7.25320954522e-06	0.0	0.0	8.36365157028e-06	3.14987912339e-05	4.30501657431e-05	0.0	2.97515005913e-05	0.0	6.01793344166e-05	4.88505466376e-06	0.0	1.70351947123e-05	3.83734762532e-05	2.38748955473e-05	5.42973649489e-06	0.0	2.07585161813e-05	0.0	0.0	0.0	4.06058391197e-05	7.71585092976e-05	0.0
k__Bacteria;p__Bacteroidetes;c__At12OctB3	0.000239771563093	0.00015052409754	4.94963743906e-05	0.000229703406961	4.27238981951e-05	0.000129894496803	5.80256763618e-05	2.42547721264e-05	0.000461247359621	2.50909547108e-05	3.93734890424e-05	9.84003788415e-05	0.0	2.23136254435e-05	8.04638292736e-05	0.0001444304026	3.41953826463e-05	0.000104967040349	4.54271858994e-05	3.83734762532e-05	2.38748955473e-05	9.7735256908e-05	9.28197308228e-05	0.0001107120863	6.43428185372e-05	0.000104280723708	8.48404292926e-05	0.0	7.71585092976e-05	0.000131569329727
k__Bacteria;p__Bacteroidetes;c__BME43	2.17974148266e-05	0.0	0.0	3.67525451137e-05	1.99748095457e-05	1.4432721867e-05	0.0	0.0	1.57243418053e-05	0.0	0.0	9.84003788415e-05	0.0	5.95030011826e-05	8.94042547485e-06	1.20358668833e-05	1.46551639913e-05	0.0	0.0	0.0	7.95829851578e-06	2.17189459796e-05	6.62998077306e-06	1.38390107875e-05	0.0	0.0	4.24202146463e-05	0.0	2.57195030992e-05	0.0
k__Bacteria;p__Bacteroidetes;c__Bacteroidia	0.0	4.10520266017e-05	0.0	4.59406813922e-05	8.10089498244e-05	0.000129894496803	7.25320954522e-05	0.00011318893659	5.24144726842e-06	7.52728641325e-05	7.08722802762e-05	1.23000473552e-05	0.0	0.000148757502957	4.02319146368e-05	3.61076006499e-05	9.28160386115e-05	0.000174945067249	0.000130603159461	1.27911587511e-05	0.0	5.42973649489e-05	0.00258569250149	1.38390107875e-05	3.21714092686e-05	0.0	8.48404292926e-05	9.13631380192e-05	5.14390061984e-05	1.46188144142e-05
k__Bacteria;p__Bacteroidetes;c__Cytophagia	0.0185931948471	0.026286981034	0.0391763803301	0.0227957661068	0.0472653930876	0.0218222754629	0.0219409588743	0.0109065625328	0.019487700944	0.0173294860536	0.0106387167392	0.0192311240398	0.0240963855422	0.0188029483737	0.0174964126543	0.052187518806	0.0128525788204	0.0124350953801	0.00864252211736	0.0192251116029	0.0225697345907	0.0193841592867	0.0154611151628	0.0143164566597	0.0142358486013	0.0134348332377	0.00955868836696	0.00943070613554	0.0518762377511	0.0285944009941
k__Bacteria;p__Bacteroidetes;c__Flavobacteriia	0.00283366392746	0.00592517583951	0.00673645655456	0.00498915799919	0.0152407796834	0.0103193961349	0.00998766954377	0.00454372731168	0.00728037025584	0.00419855308828	0.00412634165164	0.00533207052847	0.00669344042838	0.00803290515965	0.00599008506815	0.00760666787025	0.00323390618741	0.00782354340737	0.00378181322613	0.0117294925747	0.0064064303052	0.0191723995634	0.00220115361665	0.00581238453075	0.00279891260637	0.00370196569164	0.00511870590065	0.00175620254193	0.0170263110517	0.004341787881
k__Bacteria;p__Bacteroidetes;c__SM1A07	0.0	0.0	0.0	0.0	0.0	7.21636093351e-05	0.0	0.0	0.0	0.0	0.0	0.0	0.0	0.0	0.0	0.0	0.0	0.0	0.0	0.0	0.0	0.0	0.0	0.0	0.0	0.0	0.0	0.0	0.0	0.0
k__Bacteria;p__Bacteroidetes;c__Sphingobacteriia	0.00954726769405	0.0136840088672	0.00928551983567	0.0166489029365	0.0207582659646	0.0128306897398	0.0180532385581	0.00643559953754	0.0178838180798	0.00792037803705	0.00784319901724	0.0147293067078	0.0160642570281	0.0118039078596	0.0117790105631	0.0154540530782	0.00673649038133	0.0152692054695	0.00553643828149	0.0131621023549	0.0124069873861	0.0105011103811	0.00690180998475	0.0114448619213	0.0115414930751	0.00989797869197	0.0079467202104	0.00452755106184	0.0970654046964	0.0121920912214
k__Bacteria;p__Bacteroidetes;c__VC2_1_Bac22	0.0	2.73680177345e-05	1.48489123172e-05	3.67525451137e-05	0.000150365927414	8.65963312021e-05	6.5278885907e-05	4.85095442528e-05	1.57243418053e-05	0.000100363818843	8.66216758932e-05	4.30501657431e-05	0.0	0.000111568127217	9.38744674859e-05	8.42510681832e-05	4.39654919739e-05	6.99780268996e-06	5.67839823743e-06	2.55823175021e-05	0.0001512076718	2.17189459796e-05	1.98899423192e-05	8.30340647251e-05	6.43428185372e-05	2.60701809271e-05	0.0	4.06058391197e-05	2.57195030992e-05	7.30940720708e-05
k__Bacteria;p__Bacteroidetes;c__[Rhodothermi]	0.0	0.0	4.94963743906e-06	2.75644088353e-05	2.77427910357e-06	0.0	0.0	0.0	5.24144726842e-06	0.0	7.87469780847e-06	0.0	0.0	0.0	0.0	2.40717337666e-05	0.0	0.0	0.0	0.0	0.0	0.0	3.31499038653e-05	0.0	0.0	0.0	0.0	1.01514597799e-05	0.0	0.0
k__Bacteria;p__Bacteroidetes;c__[Saprospirae]	0.0390827647841	0.0435288322067	0.0395228549509	0.0512330478886	0.105796023903	0.0488547635199	0.0555740915355	0.0257828227704	0.0566548035243	0.0300589637436	0.0273881989779	0.0543723593336	0.0615796519411	0.0364902154752	0.0432984805747	0.0694710236505	0.0318945218997	0.0487257001302	0.0197153986803	0.0395118893821	0.043388643508	0.0405112639884	0.024219319764	0.0598675606668	0.0440909164026	0.0368545457705	0.0292133878197	0.0140800747147	0.0530078958875	0.0473064834442
k__Bacteria;p__Chlamydiae;c__Chlamydiia	0.000915491422717	0.00129998084239	0.00172247382879	0.00158954757617	0.00126784555033	0.000490712543479	0.000348154058171	0.000485095442528	0.00247396311069	0.000535273700498	0.000645725220295	0.00127920492494	0.00133868808568	0.000624781512418	0.000460431911955	0.000962869350665	0.000424999755747	0.0013225847084	0.00122085562105	0.000703513731309	0.000859496239704	0.00102622019753	0.000483988596433	0.00138390107875	0.0013592420416	0.000851625910284	0.00156954794191	0.000964388679092	0.000874463105373	0.00105255463782
k__Bacteria;p__Chlorobi;Other	0.0	0.0	0.0	0.0	0.0	0.0	0.0	0.0	1.57243418053e-05	0.0	0.0	0.0	0.0	0.0	0.0	0.0	0.0	0.0	0.0	0.0	0.0	0.0	0.0	0.0	0.0	0.0	0.0	0.0	0.0	0.0
k__Bacteria;p__Chlorobi;c__	0.000632125029971	0.000314732203946	0.000242532234514	0.000312396633467	0.000761262186021	0.000101029053069	0.000406179734533	0.000121273860632	0.000655180908552	0.000192363986116	0.000173243351786	0.000159900615617	0.0	2.23136254435e-05	0.000281623402458	0.000337004272733	2.93103279826e-05	0.0010426726008	5.67839823743e-05	0.000127911587511	3.18331940631e-05	0.000141173148867	0.000344759000199	0.000622755485438	0.000410185468174	0.000208561447416	0.000268661359426	7.10602184594e-05	0.000128597515496	0.000657846648637
k__Bacteria;p__Chlorobi;c__BSV26	0.0	5.4736035469e-05	9.40431113421e-05	2.75644088353e-05	0.00110416308322	0.00105358869629	0.000101544933633	2.42547721264e-05	0.0	8.36365157028e-05	0.000188992747403	6.76502604535e-05	0.00267737617135	0.000252887755026	0.000169868084022	0.0	7.81608746202e-05	1.39956053799e-05	0.00017603034536	0.000306987810026	7.1624686642e-05	3.25784189693e-05	1.32599615461e-05	6.91950539375e-06	0.0	0.0	0.000438342218012	0.000121817517359	0.0	0.000219282216212
k__Bacteria;p__Chlorobi;c__Ignavibacteria	0.0	0.0	0.0	0.0	0.0	0.0	0.0	0.0	0.0	0.0	0.0	0.0	0.0	0.0	0.0	0.0	0.0	0.0	0.0	0.0	0.0	0.0	0.0	0.0	0.0	0.0	0.0	0.0	0.0	4.38564432425e-05
k__Bacteria;p__Chlorobi;c__OPB56	0.000239771563093	0.000191576124141	0.000128690573415	0.000165386453012	0.00020973550023	0.000129894496803	0.000268368753173	0.000177868328927	4.19315781474e-05	0.000100363818843	0.000157493956169	8.61003314863e-05	0.0	8.18166266261e-05	0.00012069574391	0.000132394535716	0.000151436694577	3.49890134498e-05	2.83919911871e-05	8.95381112575e-05	7.1624686642e-05	7.60163109284e-05	0.000358018961745	0.000283699721144	7.23856708543e-05	0.000112970784017	9.89805008413e-05	0.000111666057579	0.000848743602274	0.000760178349536
k__Bacteria;p__Chlorobi;c__SJA-28	8.71896593064e-05	0.000478940310353	0.000707798153785	0.00058804072182	0.00187374810655	0.000707203371484	0.000710814535432	0.000412331126149	0.000382625650595	0.000250909547108	0.000574852940018	0.000473551823175	0.0	0.000870231392296	0.000844870207373	0.00155262682795	0.000381034263773	0.000321898923738	0.000300955106584	0.00095933690633	0.000732163463452	0.000152032621857	3.97798846383e-05	0.000249102194175	0.000136728489391	0.000556163859777	0.000353501788719	0.000121817517359	2.57195030992e-05	0.000555514947738
k__Bacteria;p__Chloroflexi;Other	0.0	0.0	0.0	0.0	3.32913492429e-06	0.0	0.0	0.0	0.0	0.0	0.0	0.0	0.0	7.43787514783e-06	0.0	0.0	0.0	0.0	5.67839823743e-06	0.0	7.95829851578e-06	0.0	6.62998077306e-06	0.0	0.0	0.0	0.0	0.0	0.0	0.0
k__Bacteria;p__Chloroflexi;c__	0.0	0.000109472070938	8.9093473903e-05	3.67525451137e-05	5.54855820715e-06	0.0	2.17596286357e-05	0.000105104012548	5.76559199526e-05	5.01819094217e-05	0.000244115632063	3.0750118388e-05	0.0	1.48757502957e-05	3.57617018994e-05	6.01793344166e-05	8.30459292839e-05	0.0	9.65327700362e-05	7.67469525064e-05	5.57080896104e-05	0.000130313675877	5.30398461844e-05	4.15170323625e-05	0.0	5.21403618541e-05	4.24202146463e-05	7.10602184594e-05	2.57195030992e-05	2.92376288283e-05
k__Bacteria;p__Chloroflexi;c__Anaerolineae	0.00403252174292	0.00689674046909	0.0048407454154	0.00238891543239	0.00363763476061	0.0053401070908	0.00409806339305	0.00517435138697	0.00261024073967	0.00408982561786	0.0103788517116	0.00611312353553	0.00267737617135	0.00853868066971	0.00467584252335	0.00415237407474	0.00814827117915	0.00297406614323	0.00846081337376	0.00259660522647	0.00404281564601	0.00401257526972	0.0199695020884	0.00235263183388	0.00394904048772	0.00339781358083	0.00661755348482	0.00367482844033	0.00282914534091	0.00482420875667
k__Bacteria;p__Chloroflexi;c__C0119	0.000152581903786	9.57880620707e-05	2.96978246343e-05	2.75644088353e-05	2.94073584979e-05	0.000173192662404	0.000145064190904	0.000234462797222	0.000141519076247	0.000192363986116	7.08722802762e-05	0.000246000947104	0.0	7.43787514783e-05	0.000165397871285	9.62869350665e-05	0.000263792951843	0.000916712152384	0.000130603159461	8.95381112575e-05	0.000135291074768	0.000114024466393	0.000344759000199	0.000283699721144	8.04285231715e-06	0.000104280723708	9.89805008413e-05	0.0	0.000231475527893	0.00017542577297
k__Bacteria;p__Chloroflexi;c__Chloroflexi	0.000283366392746	0.00147787295766	0.00104437349964	0.000431842405087	0.000468853168504	0.000591741596548	0.00097193007906	0.0010752948976	0.000356418414253	0.000669092125622	0.0018584286828	0.000750302888666	0.0	0.000647095137861	0.000996857440446	0.000674008545465	0.00141666585249	0.000706778071685	0.00101075488626	0.000498855191292	0.00113803668776	0.000809030737738	0.000696147981171	0.000283699721144	0.000908842311837	0.000938526513374	0.00107464543771	0.000629390506355	0.000437231552686	0.000628609019808
k__Bacteria;p__Chloroflexi;c__Ellin6529	0.00697517274451	0.0107282629519	0.0165614868711	0.0104560990849	0.00384404112591	0.00871736400768	0.0110031188801	0.0304397390187	0.00842824720762	0.0236356793376	0.0213640551544	0.0100368386418	0.00803212851406	0.0127857073791	0.0132675914047	0.00866582415598	0.0138393598624	0.00778155659123	0.0135316229998	0.0169866588214	0.0108392025785	0.018048444109	0.0234767619174	0.0103169825421	0.00756028117812	0.0164676642856	0.0170387862163	0.0120091769196	0.00282914534091	0.0173525327096
k__Bacteria;p__Chloroflexi;c__Gitt-GS-136	0.000632125029971	0.00328416212814	0.00270745167916	0.00120364585248	0.000519345048189	0.00249686088299	0.00155218684268	0.0088449069021	0.00117932563539	0.00863965207209	0.00322862610147	0.00128535494862	0.00133868808568	0.00464123409224	0.00224404679419	0.0015165192273	0.00295545807158	5.59824215196e-05	0.00350357171249	0.00373501835531	0.00163145119573	0.00386054264787	0.00722004906186	0.000463606861382	8.04285231715e-05	0.00185967290613	0.00500558532826	0.00261907662322	0.000385792546488	0.00226591623419
k__Bacteria;p__Chloroflexi;c__Ktedonobacteria	0.00730213396691	6.84200443362e-05	0.000400920632564	0.000560476312985	1.22068280557e-05	2.8865443734e-05	2.17596286357e-05	1.61698480843e-05	0.000314486836105	2.50909547108e-05	6.29975824678e-05	0.000110700426197	0.0	0.0	4.02319146368e-05	4.81434675332e-05	4.88505466376e-06	0.00324698044814	0.000170351947123	0.0	7.95829851578e-06	8.14460474233e-05	5.30398461844e-05	0.000761145593313	0.00105361365355	8.69006030902e-05	1.41400715488e-05	4.06058391197e-05	7.71585092976e-05	5.84752576566e-05
k__Bacteria;p__Chloroflexi;c__P2-11E	6.53922444798e-05	0.000259996168478	0.000188086222684	4.59406813922e-05	1.10971164143e-05	1.4432721867e-05	1.45064190904e-05	0.0	6.2897367221e-05	0.000158909379835	0.000181118049595	6.76502604535e-05	0.0	2.23136254435e-05	2.68212764245e-05	3.61076006499e-05	1.46551639913e-05	6.99780268996e-06	0.000158995150648	5.11646350043e-05	0.0	0.000342073399178	0.000888417423589	1.38390107875e-05	2.41285569514e-05	9.55906633992e-05	7.07003577438e-05	0.00116741787469	5.14390061984e-05	0.000248519845041
k__Bacteria;p__Chloroflexi;c__S085	0.00322601739434	0.00443361887299	0.00565743559284	0.00237972729612	0.0017999522824	0.00203501378325	0.00224849495902	0.0038565087681	0.00232720258718	0.00541964621754	0.00685886179118	0.00274291056021	0.00133868808568	0.00408339345616	0.0021144106248	0.00250346031173	0.00283333170498	0.00198037816126	0.00783618956765	0.00429782934036	0.0026739883013	0.00336643662683	0.00627859179208	0.00319681149191	0.00189811314685	0.0021203747154	0.0039450799621	0.00506557843018	0.00138885316736	0.00249981726482
k__Bacteria;p__Chloroflexi;c__SAR202	0.0	0.000355784230548	0.000499913381345	1.83762725569e-05	1.44262513386e-05	0.000101029053069	4.35192572713e-05	1.61698480843e-05	2.09657890737e-05	7.52728641325e-05	7.87469780847e-05	9.22503551639e-05	0.0	0.000148757502957	3.1291489162e-05	8.42510681832e-05	5.86206559651e-05	1.39956053799e-05	0.000255527920684	5.11646350043e-05	3.97914925789e-05	0.000103164993403	0.000271829211695	2.07585161813e-05	3.21714092686e-05	0.0	7.07003577438e-05	0.000609087586795	0.0	7.30940720708e-05
k__Bacteria;p__Chloroflexi;c__SHA-26	2.17974148266e-05	1.36840088672e-05	8.4143836464e-05	0.0	4.43884656572e-06	0.0	0.0	0.0	5.24144726842e-06	7.52728641325e-05	1.57493956169e-05	2.46000947104e-05	0.0	0.0	1.34106382123e-05	0.0	2.44252733188e-05	1.39956053799e-05	5.67839823743e-06	1.27911587511e-05	0.0	2.17189459796e-05	3.31499038653e-05	6.91950539375e-06	8.04285231715e-06	2.60701809271e-05	2.82801430975e-05	3.04543793397e-05	0.0	1.46188144142e-05
k__Bacteria;p__Chloroflexi;c__TK10	0.00298624583124	0.00533676345822	0.00589996782736	0.00394171046345	0.000976546244458	0.00194841745205	0.00277072604628	0.0038565087681	0.00473826833065	0.00531091874712	0.00417358983849	0.00287206105744	0.00267737617135	0.00234293067157	0.00274471062078	0.00387554913643	0.00207126317743	0.00594813228646	0.00363985327019	0.0035559421328	0.00360510922765	0.00480531679798	0.00427633759862	0.00422089829019	0.00378818344138	0.00366720545041	0.0022341313047	0.00280180289926	0.00221187726653	0.00273371829545
k__Bacteria;p__Chloroflexi;c__TK17	0.001634806112	0.00121787678918	0.00172247382879	0.000744239038553	0.00103036725907	0.00132781041177	0.00065278885907	0.00090551149272	0.000655180908552	0.00102036549157	0.000960713132634	0.000756452912344	0.00267737617135	0.000952048018922	0.000648180846927	0.00113137148703	0.000488505466376	0.00125960448419	0.000641659000829	0.00171401527264	0.000763996657515	0.000510395230519	0.00129947623152	0.000864938174219	0.000989270835009	0.000556163859777	0.000650443291243	0.00104560035733	0.000745865589877	0.00095022293692
k__Bacteria;p__Chloroflexi;c__Thermomicrobia	0.00189637508991	0.0048030871124	0.00306877521222	0.00297695615421	0.00131334372763	0.00138554129923	0.00153042721404	0.00162506973247	0.00306624665203	0.00380546146448	0.00209466961705	0.00232470895013	0.00133868808568	0.00116030852306	0.00131871275754	0.00434494794488	0.00191005637353	0.00155351219717	0.00208965055137	0.00226403509894	0.00337431857069	0.0027583061394	0.00482662600278	0.00181291041316	0.00228417005807	0.00193788344891	0.00158368801346	0.00223332115158	0.000925902111571	0.00285066881076
k__Bacteria;p__Cyanobacteria;c__	0.0	0.0	0.0	0.0	0.0	0.0	0.0	0.0	0.0	1.67273031406e-05	0.0	0.0	0.0	0.0	0.0	0.0	0.0	0.0	0.0	0.0	0.0	0.0	0.0	0.0	0.0	0.0	0.0	0.0	0.0	0.0
k__Bacteria;p__Cyanobacteria;c__4C0d-2	0.000544935370665	0.000684200443362	0.000336575345856	0.000918813627844	0.00124398675004	0.00141440674297	0.00202364546312	0.000759982859961	0.000566076304989	0.000443273533225	0.0004646071707	0.00141450544585	0.0	0.000810728391113	0.00141258722503	0.000974905217548	0.000679022598263	0.00106366600887	0.000522412637843	0.000780260683815	0.000819704747125	0.00098821204207	0.000948087250547	0.000671192023194	0.00101339939196	0.000938526513374	0.000721143648987	0.000903479920413	0.00136313366426	0.00118412396755
k__Bacteria;p__Cyanobacteria;c__Chloroplast	0.000610327615145	0.00213470538329	0.000465265919271	0.0004685949502	0.00028686045931	0.000707203371484	0.00254587655037	0.000379991429981	0.000162484865321	0.000970183582152	0.00151194197923	0.00157440606146	0.00133868808568	0.0015247644053	0.00164056807463	0.00309321778901	0.0052709739822	0.00115463744384	0.000249849522447	0.000524437508794	0.00284111257013	0.00268771956497	0.00192932440496	0.000512043399138	0.00318496951759	0.00101673705616	0.00489246475587	0.000365452552077	0.000462951055786	0.0013449309261
k__Bacteria;p__Cyanobacteria;c__ML635J-21	0.000348758637226	0.000164208106407	4.94963743906e-06	0.000661545812047	0.000431122972696	0.000375250768542	0.000442445782259	0.000363821581896	0.000183450654395	0.000225818592397	0.000188992747403	0.000381301468011	0.0	0.000178509003548	0.000290563827933	0.000637900944816	0.000385919318437	0.000279912107598	0.00022145753126	0.000396525921283	0.0003024153436	0.000217189459796	0.000106079692369	0.000138390107875	0.00022519986488	0.000321532231434	0.000212101073231	6.09087586795e-05	0.000231475527893	0.000818653607192
k__Bacteria;p__Cyanobacteria;c__Nostocophycideae	0.0	0.0	0.0	0.0	1.10971164143e-06	0.0	0.0	3.23396961686e-05	0.0	3.34546062811e-05	0.0	0.0	0.0	8.18166266261e-05	0.0	0.0	0.000254022842516	0.0	5.67839823743e-06	0.0	0.0	5.42973649489e-06	1.98899423192e-05	0.0	0.0	0.0	8.48404292926e-05	0.0	0.0	0.0
k__Bacteria;p__Cyanobacteria;c__Oscillatoriophycideae	0.0	9.57880620707e-05	0.0	0.0	0.0	0.0	0.0	0.0	0.0	0.000150545728265	0.000196867445212	0.0	0.0	0.0	0.0	0.0	0.000405459537092	1.39956053799e-05	0.0	0.0	0.0	0.000217189459796	0.0	1.38390107875e-05	0.0	3.47602412361e-05	8.48404292926e-05	0.0	0.0	0.0
k__Bacteria;p__Cyanobacteria;c__Synechococcophycideae	0.0	0.0	0.0	0.0	1.66456746214e-06	0.0	0.0	0.0	0.0	0.0	0.0	0.0	0.0	0.0	0.0	0.0	6.35057106289e-05	0.0	0.0	0.0	0.0	0.0	0.0	0.0	0.0	2.60701809271e-05	0.0	0.0	0.0	0.0
k__Bacteria;p__Elusimicrobia;c__	0.0	0.0	0.0	0.0	0.0	0.0	0.0	0.0	0.0	0.0	0.0	0.0	0.0	0.0	0.0	0.0	0.0	0.0	0.0	0.0	0.0	0.0	1.32599615461e-05	0.0	0.0	0.0	0.0	0.0	0.0	0.0
k__Bacteria;p__Elusimicrobia;c__Elusimicrobia	0.00370556052052	0.00327047811927	0.00147499195684	0.00317909515234	0.00171117535109	0.00352158413555	0.00328570392399	0.00244164706073	0.00306624665203	0.00136327520595	0.00284276590886	0.00261991008665	0.0	0.00278176530529	0.0037147467848	0.00320154059096	0.00233505612928	0.00489146408028	0.00210100734785	0.00281405492524	0.00409852373563	0.00202529171259	0.00206192402042	0.00163300327293	0.00351472646259	0.00332829309835	0.00301183523989	0.00178665692127	0.000874463105373	0.00210510927564
k__Bacteria;p__Elusimicrobia;c__Endomicrobia	0.00013078448896	1.36840088672e-05	5.44460118296e-05	1.83762725569e-05	3.32913492429e-06	5.77308874681e-05	0.0	8.08492404214e-06	4.71730254158e-05	4.18182578514e-05	3.14987912339e-05	6.15002367759e-06	0.0	5.20651260348e-05	0.0	3.61076006499e-05	5.86206559651e-05	0.0	6.24623806117e-05	1.27911587511e-05	2.38748955473e-05	2.17189459796e-05	1.98899423192e-05	0.0	8.04285231715e-06	0.0	5.6560286195e-05	2.03029195598e-05	0.0	5.84752576566e-05
k__Bacteria;p__FBP;c__	0.000196176733439	0.00024631215961	4.45467369515e-05	0.000165386453012	0.000120403713095	2.8865443734e-05	5.07724668166e-05	4.04246202107e-05	0.000152001970784	0.000108727470414	3.93734890424e-05	0.000184500710328	0.0	2.23136254435e-05	4.47021273742e-05	0.000120358668833	8.79309839477e-05	4.89846188297e-05	3.40703894246e-05	3.83734762532e-05	3.18331940631e-05	7.05865744335e-05	0.000132599615461	0.0001107120863	4.02142615857e-05	6.08304221631e-05	2.82801430975e-05	4.06058391197e-05	0.000797304596075	0.000204663401798
k__Bacteria;p__FCPU426;c__	0.000392353466879	0.0	4.94963743906e-06	0.000248079679518	3.05170701393e-05	0.000216490828005	1.45064190904e-05	2.42547721264e-05	0.00023062367981	5.01819094217e-05	2.36240934254e-05	1.23000473552e-05	0.0	8.18166266261e-05	7.15234037988e-05	7.22152012999e-05	6.83907652927e-05	0.000720773677065	4.54271858994e-05	1.27911587511e-05	1.59165970316e-05	5.42973649489e-05	7.29297885036e-05	0.000304458237325	0.00011259993244	5.21403618541e-05	4.24202146463e-05	0.0	5.14390061984e-05	4.38564432425e-05
k__Bacteria;p__Fibrobacteres;c__Fibrobacteria	8.71896593064e-05	2.73680177345e-05	6.43452867077e-05	0.000192950861847	0.000130391117868	0.000331952602941	0.000282875172264	0.000282972341475	0.00013103618171	5.85455609919e-05	0.000125995164936	0.000104550402519	0.0	0.000647095137861	0.000719704250725	0.000312932538966	7.32758199564e-05	0.000531833004437	0.000210100734785	0.000102329270009	0.000198957462894	0.000293205770724	5.96698269575e-05	6.91950539375e-05	7.23856708543e-05	0.000399742774215	8.48404292926e-05	0.000101514597799	0.000180036521694	0.000116950515313
k__Bacteria;p__Fibrobacteres;c__SBZC_2415	0.0	0.0	0.0	0.0	0.0	0.0	0.0	0.0	0.0	0.0	0.0	0.0	0.0	0.0	0.0	0.0	9.77010932752e-06	0.0	0.0	0.0	0.0	0.0	0.0	0.0	0.0	0.0	0.0	0.0	0.0	0.0
k__Bacteria;p__Fibrobacteres;c__TG3	0.0	0.0	9.89927487812e-06	0.0	6.60278426651e-05	2.8865443734e-05	0.0	0.0	0.0	8.36365157028e-06	7.87469780847e-06	0.0	0.0	0.0	4.47021273742e-06	0.0	1.46551639913e-05	0.0	1.13567964749e-05	0.0	3.18331940631e-05	1.08594729898e-05	1.32599615461e-05	0.0	0.0	0.0	1.41400715488e-05	3.04543793397e-05	0.0	0.0
k__Bacteria;p__Firmicutes;c__Bacilli	0.0193125095364	0.0104682667834	0.012423589972	0.0123304788857	0.00371919856625	0.0025834572142	0.00392398636397	0.00307227113601	0.0125794734442	0.014460753565	0.00652812448322	0.00502456934459	0.00267737617135	0.00120493577395	0.00337501061676	0.00920743816573	0.0111379246334	0.015731060447	0.0165695660568	0.00671535834431	0.011865823087	0.0102079046104	0.0122588344494	0.00936901030314	0.00628146765969	0.00689121782505	0.0112696370244	0.0212063994802	0.0096448136622	0.00767487756743
k__Bacteria;p__Firmicutes;c__Clostridia	0.00287725875711	0.00119050877145	0.00138589848294	0.0010658238083	0.00180494598479	0.000375250768542	0.000456952201349	0.000444670822318	0.00158815852233	0.00166436666248	0.00137807211648	0.000627302415114	0.0	0.0003421422568	0.000675002123351	0.00103508455196	0.00169511396833	0.00139956053799	0.0019874393831	0.000690722572558	0.00263419680872	0.00248681931466	0.00440893721408	0.000975650260519	0.00111795647208	0.000451883136069	0.00268661359426	0.00401997807285	0.000385792546488	0.000628609019808
k__Bacteria;p__Firmicutes;c__Erysipelotrichi	0.0	0.0	0.0	0.0	0.0	0.0	7.25320954522e-06	2.42547721264e-05	0.0	0.0	0.0	0.0	0.0	0.0	1.34106382123e-05	0.0	4.88505466376e-06	0.0	1.13567964749e-05	0.0	0.0	1.08594729898e-05	0.0	0.0	0.0	0.0	0.0	0.0	0.0	0.0
k__Bacteria;p__Fusobacteria;c__Fusobacteriia	0.0	0.0	0.0	0.0	0.0	0.0	0.0	0.0	0.0	1.67273031406e-05	0.0	0.0	0.0	0.0	0.0	0.0	0.0	6.99780268996e-06	0.0	0.0	1.59165970316e-05	4.34378919591e-05	0.0	0.0	0.0	0.0	0.0	1.01514597799e-05	0.0	0.0
k__Bacteria;p__GAL15;c__	0.0	0.0	4.94963743906e-06	0.0	0.0	0.0	0.0	5.6594468295e-05	0.0	0.0	1.57493956169e-05	0.0	0.0	2.23136254435e-05	4.47021273742e-06	0.0	3.41953826463e-05	0.0	4.54271858994e-05	0.0	0.0	1.62892094847e-05	6.62998077306e-06	0.0	0.0	0.0	1.41400715488e-05	6.09087586795e-05	0.0	0.0
k__Bacteria;p__GN02;c__3BR-5F	0.0	0.0	0.0	1.83762725569e-05	3.883990745e-06	5.77308874681e-05	2.90128381809e-05	0.0	0.0	0.0	0.0	6.15002367759e-06	0.0	0.0	0.0	0.0	0.0	0.0	0.0	0.0	0.0	5.42973649489e-06	1.32599615461e-05	0.0	0.0	8.69006030902e-06	0.0	0.0	0.0	0.0
k__Bacteria;p__GN02;c__BD1-5	0.0	0.0	0.0	0.0	3.32913492429e-06	0.0	7.25320954522e-06	0.0	0.0	0.0	0.0	0.0	0.0	0.0	0.0	0.0	0.0	0.0	0.0	0.0	0.0	0.0	0.0	0.0	0.0	0.0	0.0	0.0	0.0	0.0
k__Bacteria;p__GN02;c__GKS2-174	8.71896593064e-05	5.4736035469e-05	4.45467369515e-05	8.26932265059e-05	1.22068280557e-05	8.65963312021e-05	0.000108798143178	0.000218292949138	3.66901308789e-05	0.000125454773554	0.000125995164936	4.30501657431e-05	0.0	6.69408763304e-05	6.70531910614e-05	2.40717337666e-05	0.000136781530585	9.09714349694e-05	0.000193065540072	5.11646350043e-05	6.36663881262e-05	5.97271014438e-05	0.000205529403965	0.000103792580906	6.43428185372e-05	6.08304221631e-05	0.00011312057239	0.000121817517359	0.000102878012397	0.000102331700899
k__Bacteria;p__GN02;c__GN07	0.0	0.0	0.0	1.83762725569e-05	1.33165396972e-05	0.0	1.45064190904e-05	0.0	0.0	0.0	0.0	6.15002367759e-06	0.0	2.97515005913e-05	0.0	0.0	4.39654919739e-05	0.0	0.0	0.0	7.95829851578e-06	0.0	1.32599615461e-05	0.0	8.04285231715e-06	8.69006030902e-06	4.24202146463e-05	0.0	0.0	1.46188144142e-05
k__Bacteria;p__GN04;c__	0.0	0.0	0.0	0.0	0.0	0.0	0.0	0.0	0.0	0.0	1.57493956169e-05	0.0	0.0	3.71893757391e-05	0.0	0.0	0.0	0.0	3.9748787662e-05	0.0	0.0	0.0	6.62998077306e-06	0.0	0.0	0.0	1.41400715488e-05	0.0	0.0	0.0
k__Bacteria;p__GN04;c__GN15	0.0	0.0	0.0	0.0	0.0	0.0	0.0	0.0	0.0	0.0	0.0	0.0	0.0	0.0	0.0	0.0	0.0	0.0	0.0	0.0	0.0	0.0	1.32599615461e-05	0.0	0.0	0.0	0.0	0.0	0.0	0.0
k__Bacteria;p__GOUTA4;c__	0.0	0.0	0.0	0.0	0.0	0.0	0.0	0.0	0.0	0.0	0.0	0.0	0.0	0.0	0.0	0.0	0.0	0.0	0.0	0.0	0.0	0.0	0.000106079692369	0.0	0.0	0.0	0.0	0.0	0.0	0.0
k__Bacteria;p__Gemmatimonadetes;c__	2.17974148266e-05	0.00106735269164	0.000227683322197	2.75644088353e-05	5.82598611751e-05	0.00310303520141	0.000587509973163	0.00153613556801	0.000115311839905	0.00117091121984	0.0016694359354	0.000258300994459	0.0	0.00140575840294	0.000916393611172	0.0001444304026	0.000942815550106	0.0	0.00219186171965	0.00103608385884	0.000119374477737	0.000249767878765	0.0010077570775	8.99535701188e-05	0.0	0.000191181326798	0.00156954794191	0.00235513866894	0.0	0.000190044587384
k__Bacteria;p__Gemmatimonadetes;c__Gemm-1	0.0289905617194	0.0192397164673	0.0326428589106	0.0162813774854	0.00444384026811	0.0132636713958	0.00917531007471	0.0107852886722	0.0213746219606	0.0141178438506	0.0218601611163	0.016900265066	0.0160642570281	0.0222318088169	0.0133212339575	0.00876211109105	0.00998016667807	0.00347790793691	0.0213678125674	0.0102968827946	0.00804583979945	0.0262636354258	0.0426639262746	0.0199835315772	0.0252384705712	0.0149903540331	0.0257207901472	0.0624822349454	0.00506674211054	0.0170455376069
k__Bacteria;p__Gemmatimonadetes;c__Gemm-2	0.00115526298581	0.00101261665618	0.00280644442795	0.000854496673895	0.000592586016524	0.00108245414003	0.000783346630884	0.000662963771455	0.00062897367221	0.00110400200728	0.00100796131948	0.00108855419093	0.0	0.0015396401556	0.000675002123351	0.0010832280195	0.00045431008373	0.000167947264559	0.00156155951529	0.00113841312885	0.00041383152282	0.000809030737738	0.00297023138633	0.00100332828209	0.000321714092686	0.000573543980395	0.000834264221377	0.00419255288911	0.000488670558885	0.00216358453329
k__Bacteria;p__Gemmatimonadetes;c__Gemm-3	0.000283366392746	0.000259996168478	0.000123740935976	0.000248079679518	0.000701892613204	0.000274221715473	0.000449698991804	0.000258717569348	0.000115311839905	0.00029272780496	0.00036223609919	0.0003567013733	0.00133868808568	6.69408763304e-05	0.000129636169385	0.000445327074683	0.00041522964642	0.0	5.11055841368e-05	0.000306987810026	0.000143249373284	0.000124883939382	0.000218789365511	0.000262941204963	0.000152814194026	0.000321532231434	0.000127260643939	8.12116782393e-05	0.000797304596075	0.00059937139098
k__Bacteria;p__Gemmatimonadetes;c__Gemm-5	0.00135143971925	0.00217575740989	0.00115821516074	0.000698298357161	0.000835612865997	0.00114018502749	0.000478711829985	0.000784237632087	0.0006971124867	0.00143018441852	0.00100008662168	0.000707252722923	0.0	0.000438834633722	0.000254802126033	0.00132394535716	0.00102097642473	9.79692376594e-05	0.000914222116225	0.00104887501759	0.000756038358999	0.000689576534851	0.00189617450109	0.00142541811111	0.000176942750977	0.00026939186958	0.00124432629629	0.0018678685995	0.000694426583678	0.00254367370806
k__Bacteria;p__Gemmatimonadetes;c__Gemmatimonadetes	0.0389083854655	0.0125619201401	0.0113643675601	0.0204803557646	0.00419748428371	0.0100596071413	0.00694857474432	0.00625773120862	0.00909391101071	0.00943419897127	0.00991424454087	0.0118879957688	0.0133868808568	0.00807009453539	0.00814025739485	0.00766684720467	0.00790890350063	0.00957999188255	0.007222922558	0.00722700469436	0.00457602164657	0.00983325279224	0.0150367963933	0.0188625717034	0.0224717293741	0.00831638771573	0.00709831591748	0.0208104925488	0.0148144337851	0.0115488633872
k__Bacteria;p__Lentisphaerae;c__[Lentisphaeria]	0.0	0.0	0.0	0.0	1.10971164143e-06	0.0	0.0	0.0	0.0	0.0	0.0	0.0	0.0	0.0	0.0	0.0	0.0	0.0	0.0	0.0	0.0	0.0	0.0	0.0	0.0	0.0	0.0	0.0	0.0	0.0
k__Bacteria;p__MVP-21;c__	0.0	0.0	1.48489123172e-05	2.75644088353e-05	2.77427910357e-05	0.0	2.90128381809e-05	0.0	5.24144726842e-06	3.34546062811e-05	3.93734890424e-05	1.84500710328e-05	0.0	0.0	5.81127655865e-05	0.0	3.41953826463e-05	0.0	5.67839823743e-06	0.0	0.0	5.42973649489e-06	4.64098654114e-05	3.45975269688e-05	1.60857046343e-05	5.21403618541e-05	5.6560286195e-05	5.07572988996e-05	0.0	2.92376288283e-05
k__Bacteria;p__NC10;c__12-24	0.0	0.0	4.94963743906e-06	0.0	0.0	0.0	0.0	0.0	0.0	0.0	3.14987912339e-05	0.0	0.0	0.0	0.0	0.0	0.0	0.0	7.38191770865e-05	0.0	0.0	0.0	6.62998077306e-06	0.0	0.0	0.0	0.0	0.0	0.0	0.0
k__Bacteria;p__NKB19;c__	6.53922444798e-05	4.10520266017e-05	0.0	0.0	3.16267817808e-05	0.0	0.0	8.08492404214e-06	5.24144726842e-06	1.67273031406e-05	3.14987912339e-05	1.23000473552e-05	0.0	0.0	8.94042547485e-06	0.0	2.93103279826e-05	6.99780268996e-06	3.40703894246e-05	1.27911587511e-05	3.18331940631e-05	0.0	0.000106079692369	6.91950539375e-06	2.41285569514e-05	0.0	7.07003577438e-05	6.09087586795e-05	0.0	2.92376288283e-05
k__Bacteria;p__NKB19;c__TSBW08	0.0	5.4736035469e-05	9.89927487812e-06	2.75644088353e-05	0.000128171694585	1.4432721867e-05	2.17596286357e-05	1.61698480843e-05	2.09657890737e-05	1.67273031406e-05	1.57493956169e-05	4.30501657431e-05	0.0	7.43787514783e-06	1.34106382123e-05	0.0	3.90804373101e-05	6.99780268996e-06	0.0	7.67469525064e-05	1.59165970316e-05	2.71486824744e-05	3.97798846383e-05	6.22755485438e-05	1.60857046343e-05	0.0	0.0	2.03029195598e-05	0.000437231552686	7.30940720708e-05
k__Bacteria;p__Nitrospirae;c__Nitrospira	0.010310177213	0.0125208681135	0.0190214566783	0.00871035319196	0.00765479090258	0.0255170522609	0.00865307898745	0.0252249630115	0.00830769392045	0.0135574791954	0.0215215491106	0.0147231566842	0.0187416331995	0.0207516716624	0.0172997232938	0.00844917855209	0.0183824606997	0.00300905515668	0.0301863650302	0.017830875299	0.0112689506983	0.0212031210125	0.0140091493735	0.00747306582525	0.0144610484662	0.0173975007387	0.0259753114351	0.0337333008487	0.00190324322934	0.00957532344127
k__Bacteria;p__OD1;c__	4.35948296532e-05	0.000301048195079	6.43452867077e-05	1.83762725569e-05	1.27616838764e-05	1.4432721867e-05	4.35192572713e-05	3.23396961686e-05	4.71730254158e-05	2.50909547108e-05	6.29975824678e-05	3.0750118388e-05	0.0	4.4627250887e-05	2.23510636871e-05	0.0	3.90804373101e-05	9.79692376594e-05	3.9748787662e-05	1.27911587511e-05	3.97914925789e-05	1.62892094847e-05	0.000106079692369	2.07585161813e-05	6.43428185372e-05	9.55906633992e-05	1.41400715488e-05	6.09087586795e-05	0.0	7.30940720708e-05
k__Bacteria;p__OD1;c__ABY1	0.00013078448896	2.73680177345e-05	9.89927487812e-06	1.83762725569e-05	2.55233677529e-05	0.0	7.25320954522e-06	8.08492404214e-06	1.04828945368e-05	1.67273031406e-05	7.87469780847e-06	1.84500710328e-05	0.0	0.0	1.34106382123e-05	0.0	4.88505466376e-06	1.39956053799e-05	3.9748787662e-05	0.0	0.0	2.71486824744e-05	0.0	2.07585161813e-05	0.0	0.0	8.48404292926e-05	0.0	0.0	1.46188144142e-05
k__Bacteria;p__OD1;c__Mb-NB09	0.000108987074133	2.73680177345e-05	0.0	0.0	1.66456746214e-06	8.65963312021e-05	0.0	0.0	1.04828945368e-05	0.0	0.0	0.0	0.0	1.48757502957e-05	1.78808509497e-05	0.0	4.88505466376e-06	1.39956053799e-05	5.67839823743e-06	0.0	1.59165970316e-05	1.62892094847e-05	0.0	0.0	4.82571139029e-05	3.47602412361e-05	0.0	0.0	0.0	0.0
k__Bacteria;p__OD1;c__SM2F11	0.000239771563093	4.10520266017e-05	8.9093473903e-05	0.000101069499063	5.54855820715e-06	2.8865443734e-05	3.62660477261e-05	7.27643163792e-05	4.71730254158e-05	5.85455609919e-05	4.72481868508e-05	0.000190650734005	0.0	2.97515005913e-05	5.36425528491e-05	4.81434675332e-05	0.000112356257267	0.000132958251109	0.000113567964749	0.0	5.57080896104e-05	7.05865744335e-05	9.94497115958e-05	0.000159148624056	0.00022519986488	8.69006030902e-05	5.6560286195e-05	0.000162423356479	0.000282914534091	0.000131569329727
k__Bacteria;p__OD1;c__ZB2	0.00013078448896	6.84200443362e-05	3.46474620734e-05	0.000101069499063	4.05044749122e-05	1.4432721867e-05	2.90128381809e-05	4.04246202107e-05	5.24144726842e-05	0.000125454773554	1.57493956169e-05	1.84500710328e-05	0.0	0.00010413025207	4.47021273742e-05	1.20358668833e-05	3.41953826463e-05	0.000104967040349	1.70351947123e-05	2.55823175021e-05	5.57080896104e-05	9.7735256908e-05	0.000179009480873	0.000311377742719	4.82571139029e-05	5.21403618541e-05	2.82801430975e-05	4.06058391197e-05	2.57195030992e-05	4.38564432425e-05
k__Bacteria;p__OP11;c__	2.17974148266e-05	4.10520266017e-05	1.48489123172e-05	9.18813627844e-06	2.21942328286e-06	0.0	2.17596286357e-05	8.08492404214e-06	7.86217090263e-05	8.36365157028e-06	0.0	1.84500710328e-05	0.0	7.43787514783e-06	2.23510636871e-05	0.0	0.0	2.09934080699e-05	0.0	1.27911587511e-05	0.0	2.17189459796e-05	3.97798846383e-05	2.07585161813e-05	1.60857046343e-05	0.0	1.41400715488e-05	1.01514597799e-05	2.57195030992e-05	2.92376288283e-05
k__Bacteria;p__OP11;c__OP11-3	2.17974148266e-05	0.0	9.89927487812e-06	0.0	1.10971164143e-05	4.32981656011e-05	1.45064190904e-05	8.08492404214e-06	0.0	2.50909547108e-05	0.0	6.15002367759e-06	0.0	0.0	4.47021273742e-06	0.0	4.88505466376e-06	0.0	0.0	0.0	0.0	0.0	3.97798846383e-05	6.91950539375e-06	0.0	0.0	0.0	0.0	0.0	0.0
k__Bacteria;p__OP11;c__OP11-4	0.0	0.0	0.0	0.0	0.0	0.0	0.0	0.0	0.0	0.0	0.0	0.0	0.0	0.0	0.0	0.0	0.0	0.0	0.0	0.0	0.0	0.0	0.0	2.7678021575e-05	0.0	0.0	0.0	0.0	0.0	0.0
k__Bacteria;p__OP11;c__WCHB1-64	0.0	0.0	0.0	0.0	2.21942328286e-06	0.0	0.0	0.0	0.0	0.0	0.0	0.0	0.0	0.0	0.0	0.0	0.0	0.0	0.0	0.0	0.0	0.0	0.0	0.0	0.0	0.0	0.0	0.0	0.0	0.0
k__Bacteria;p__OP3;c__PBS-25	0.000326961222399	0.000164208106407	0.00010394238622	9.18813627844e-05	4.71627447608e-05	5.77308874681e-05	0.000159570609995	8.08492404214e-05	1.57243418053e-05	0.000175636682976	0.000196867445212	0.00017835068665	0.0	0.000156195378104	0.000143046807598	0.00010832280195	6.83907652927e-05	0.000272914304908	0.000408844673095	8.95381112575e-05	0.00020691576141	0.000130313675877	0.000543658423391	0.000103792580906	0.000233242717197	0.000217251507725	0.000367641860268	0.00138059853007	0.000205756024794	0.00017542577297
k__Bacteria;p__OP3;c__koll11	0.000414150881705	0.000218944141876	0.000252431509392	0.000101069499063	9.04414987765e-05	0.000115461774936	0.000137810981359	5.6594468295e-05	4.19315781474e-05	0.000326182411241	0.00020474214302	0.000270601041814	0.00133868808568	0.000111568127217	0.00012069574391	0.000240717337666	8.79309839477e-05	4.89846188297e-05	0.000653015797304	0.000127911587511	0.000111416179221	0.000135743412372	0.000470728634887	5.535604315e-05	0.000321714092686	0.000199871387107	0.000353501788719	0.00131968977139	2.57195030992e-05	0.000306995102697
k__Bacteria;p__OP8;c__OP8_1	0.0	0.0	9.89927487812e-06	0.0	0.0	0.0	0.0	0.0	0.0	0.0	0.0	0.0	0.0	0.0	0.0	0.0	0.0	0.0	0.0	0.0	0.0	0.0	0.0	0.0	0.0	0.0	0.0	0.0	0.0	0.0
k__Bacteria;p__PAUC34f;c__	0.0	0.0	0.0	0.0	0.0	0.0	0.0	0.0	0.0	0.0	0.0	0.0	0.0	0.0	0.0	0.0	0.0	0.0	3.40703894246e-05	0.0	0.0	0.0	0.0	0.0	0.0	1.7380120618e-05	0.0	0.0	0.0	0.0
k__Bacteria;p__Planctomycetes;Other	0.0	0.0	0.0	0.0	0.0	0.0	0.0	0.0	0.0	0.0	0.0	0.0	0.0	0.0	0.0	0.0	0.0	0.0	1.13567964749e-05	0.0	0.0	0.0	0.0	0.0	0.0	0.0	0.0	0.0	0.0	0.0
k__Bacteria;p__Planctomycetes;c__	0.000261568977919	0.000848408549769	0.000643452867077	0.000156198316733	0.00156635798188	0.0028432462078	0.0016682381954	0.00193229684607	0.000272555257958	0.00127963869025	0.00147256849018	0.000670352580857	0.00133868808568	0.00323547568931	0.00151540211799	0.000337004272733	0.00138247046984	0.000160949461869	0.00128331800166	0.00171401527264	0.000732163463452	0.000380081554642	0.000450838692568	0.000927213722763	0.000353885501954	0.000912456332447	0.00131502665403	0.000842571161733	7.71585092976e-05	0.000482420875667
k__Bacteria;p__Planctomycetes;c__028H05-P-BN-P5	6.53922444798e-05	0.000273680177345	0.000183136585245	0.000147010180455	0.000125397415482	0.000259788993606	0.000464205410894	0.000929766264846	0.00013103618171	0.000493455442646	0.000590602335635	0.000123000473552	0.0	0.00044627250887	0.00045149148648	0.000361076006499	0.00045431008373	1.39956053799e-05	0.000692764584966	0.000396525921283	0.000310373642115	0.000190040777321	0.000112709673142	6.91950539375e-05	8.04285231715e-06	0.000286771990198	0.00033936171717	0.000324846712957	7.71585092976e-05	0.000321613917111
k__Bacteria;p__Planctomycetes;c__BD7-11	0.000261568977919	8.21040532034e-05	0.000138589848294	0.000211327134404	0.00023248458888	0.00028865443734	0.000268368753173	0.000307227113601	6.2897367221e-05	0.000133818425124	0.000393734890424	0.000129150497229	0.0	0.000520651260348	0.000523014890279	0.00025275320455	0.000381034263773	0.000482848385607	0.000380452681907	0.000575602143798	0.000294457045084	0.000200900250311	0.000251939269376	0.000249102194175	0.000193028455611	0.000208561447416	0.000353501788719	0.000233483574938	0.000102878012397	0.000263138659455
k__Bacteria;p__Planctomycetes;c__C6	0.000566732785492	0.000424204274884	0.00267775385453	0.00112095262597	0.000519345048189	0.0012267813587	0.000667295278161	0.000881256720593	0.000733802617579	0.000727637686614	0.00240178283158	0.000707252722923	0.0	0.00400157682953	0.00176573403128	0.00142023229223	0.000439654919739	0.000167947264559	0.00144799155054	0.000613975620051	0.000445664716884	0.000510395230519	0.00117350659683	8.99535701188e-05	0.00039409976354	0.000417122894833	0.000721143648987	0.00116741787469	0.0	0.000570133762152
k__Bacteria;p__Planctomycetes;c__ODP123	0.0	0.0	0.0	0.0	0.0	0.0	0.0	0.0	0.0	0.0	0.0	0.0	0.0	0.0	0.0	0.0	0.0	0.0	0.0	0.0	0.0	0.0	7.29297885036e-05	0.0	0.0	0.0	0.0	0.0	0.0	0.0
k__Bacteria;p__Planctomycetes;c__OM190	0.00305163807572	0.0032567941104	0.0100626129136	0.0026829357933	0.0093720696677	0.00889055667008	0.0064481032857	0.0088449069021	0.0016929874677	0.00417346213357	0.00995361802991	0.00424351633754	0.00401606425703	0.0209078670405	0.00844870207373	0.00577721610399	0.00595488163513	0.00149752977565	0.00868227090502	0.00855728520447	0.0152640165533	0.00420804578354	0.00354703971358	0.00283007770605	0.00293564109576	0.00310235153032	0.0068437946296	0.00467982295854	0.00064298757748	0.00717783787735
k__Bacteria;p__Planctomycetes;c__Phycisphaerae	0.0114654401988	0.00625359205233	0.00590986710223	0.0106858024918	0.00795496790159	0.012917286071	0.00959599622833	0.0129843880117	0.0113320089943	0.00689164889391	0.0110482010253	0.00813033130178	0.00937081659973	0.0116030852306	0.00970483185295	0.00740205813324	0.0119293034889	0.0168647044828	0.0122710185911	0.00579439491424	0.00735346782858	0.00577723963056	0.00648412119605	0.00850407212892	0.0138497916901	0.00688252776474	0.00982734972639	0.00736995980022	0.00223759676963	0.00820115488634
k__Bacteria;p__Planctomycetes;c__Pla3	0.0	0.000123156079805	0.00042071918232	0.0	0.000368424264955	0.00155873396164	0.000355407267716	0.000323396961686	8.91046035631e-05	0.000426546230084	0.00124420225374	0.000166050639295	0.0	0.00153220228045	0.000621359570502	8.42510681832e-05	0.000615516887634	1.39956053799e-05	0.00207261535666	0.000332570127528	0.0003024153436	0.000651568379387	0.000510508519525	2.07585161813e-05	8.04285231715e-06	0.000217251507725	0.000904964579121	0.000568481747675	0.0	0.000190044587384
k__Bacteria;p__Planctomycetes;c__Pla4	0.000305163807572	0.000205260133009	0.000668201054273	0.000137822044177	0.000376192246445	0.000216490828005	0.000181330238631	0.000145528632758	7.33802617579e-05	0.000250909547108	0.000574852940018	0.000258300994459	0.0	0.000542964885791	0.000281623402458	0.000445327074683	0.00011724131193	0.000139956053799	0.000613267009642	0.00011512042876	0.000549122597589	0.00046695733856	0.000251939269376	9.68730755126e-05	9.65142278057e-05	9.55906633992e-05	0.000353501788719	0.000710602184594	0.0	0.000219282216212
k__Bacteria;p__Planctomycetes;c__Planctomycetia	0.0265056564291	0.0407236103889	0.0326775063727	0.0342625601823	0.0302962375227	0.0348261578651	0.0423079712773	0.0313048258912	0.0299496296918	0.0428469869945	0.047736418115	0.0385667984822	0.0321285140562	0.0388777733977	0.0384840614565	0.0469639525787	0.0440485379031	0.0602930679767	0.0465855791398	0.0385781347932	0.051426525009	0.0385294101677	0.0418285486972	0.0348812266899	0.0366512780092	0.035377235518	0.0332008879965	0.0381796402323	0.0415627170083	0.0345881149039
k__Bacteria;p__Planctomycetes;c__vadinHA49	0.000566732785492	0.000369468239415	0.000183136585245	0.000551288176706	0.000274653631254	0.000173192662404	0.000761587002248	0.000145528632758	0.0003983499924	0.000342909714381	0.000220491538637	0.000227550876071	0.0	0.000193384753844	0.00101026807866	0.000300896672083	0.000214942405206	0.000881723138934	3.40703894246e-05	0.000255823175021	0.000167124268831	0.000917625467636	0.00015248955778	0.000256021699569	0.000402142615857	0.00026939186958	0.000127260643939	1.01514597799e-05	7.71585092976e-05	0.00035085154594
k__Bacteria;p__Proteobacteria;Other	0.0	0.0	0.0	5.51288176706e-05	1.60908188007e-05	0.0	0.0	3.23396961686e-05	1.04828945368e-05	1.67273031406e-05	0.0	1.23000473552e-05	0.0	7.43787514783e-06	0.0	2.40717337666e-05	0.0	0.0	0.0	0.0	0.0	0.0	0.0	2.07585161813e-05	0.0	1.7380120618e-05	0.0	0.0	0.0	0.0
k__Bacteria;p__Proteobacteria;c__	4.35948296532e-05	0.00015052409754	8.4143836464e-05	0.000101069499063	7.43506799758e-05	1.4432721867e-05	0.000203089867266	0.000105104012548	0.000188692101663	0.000158909379835	0.000291363818913	7.99503078087e-05	0.0	0.000252887755026	0.000147517020335	0.000204609737016	0.000102586147939	2.79912107598e-05	0.000584875018455	5.11646350043e-05	0.0001512076718	0.00025519761526	8.61897500497e-05	2.7678021575e-05	3.21714092686e-05	0.000208561447416	0.000282801430975	0.00108620619645	2.57195030992e-05	0.000102331700899
k__Bacteria;p__Proteobacteria;c__Alphaproteobacteria	0.110447500926	0.0920796956676	0.088890538768	0.137564776361	0.0876566774124	0.0936683649169	0.0864582577791	0.098813941643	0.104294317747	0.108836197884	0.0888817141642	0.127920492494	0.105756358768	0.0803588030971	0.0941605611011	0.0738400433291	0.10489189374	0.0775706428182	0.0830408958241	0.104171196869	0.080187815845	0.0906060128902	0.0680037127892	0.163881565746	0.11481975968	0.109138467421	0.101143931788	0.0799325943071	0.154599933129	0.114772311965
k__Bacteria;p__Proteobacteria;c__Betaproteobacteria	0.0769666717527	0.0478666630176	0.0746801296805	0.0694255577199	0.10571279553	0.0648462193485	0.0431928628418	0.0379021239095	0.0678924664678	0.0376197047631	0.0431454692926	0.0727609301296	0.0883534136546	0.0580526155288	0.0535620890198	0.0692303063128	0.047668363409	0.0494534716099	0.0469035694411	0.065260491948	0.0418924833871	0.0449907965966	0.0718292116953	0.0714715712121	0.0837341354738	0.0427898569616	0.0442018636614	0.0622893572096	0.130783673259	0.0780937066004
k__Bacteria;p__Proteobacteria;c__Deltaproteobacteria	0.0512021274277	0.0670379594406	0.0574751899423	0.062433386012	0.0721606640514	0.0968002655621	0.0726771596431	0.0680184659665	0.0608584442336	0.066465939029	0.08066840435	0.0614448865628	0.0602409638554	0.102114587905	0.0868785845518	0.063850273816	0.0813801256436	0.0450658493233	0.091337035649	0.0669361337444	0.0701603597151	0.0837156772782	0.058721739707	0.0664134127693	0.0506297553364	0.0693293011453	0.0837657838549	0.0898810248914	0.0251279545279	0.062159198889
k__Bacteria;p__Proteobacteria;c__Epsilonproteobacteria	0.0	0.0	9.89927487812e-06	0.0	1.66456746214e-06	0.0	2.17596286357e-05	8.08492404214e-06	0.0	4.18182578514e-05	5.51228846593e-05	0.0	0.0	7.43787514783e-06	2.68212764245e-05	0.0	1.46551639913e-05	0.0	1.13567964749e-05	0.0	3.97914925789e-05	1.62892094847e-05	0.0	0.0	0.0	0.0	0.0	1.01514597799e-05	2.57195030992e-05	0.0
k__Bacteria;p__Proteobacteria;c__Gammaproteobacteria	0.0503738256643	0.0522181778374	0.0567426436014	0.0756918666618	0.089870552137	0.0495042360039	0.0434104591282	0.0360102516837	0.053153516749	0.0387487977251	0.0312153021128	0.0857928303024	0.0736278447122	0.0360067535906	0.0394496274078	0.0601672985497	0.0417965277031	0.0266966172622	0.0333776248396	0.0748410698525	0.0424416059846	0.0482486384936	0.0324404959226	0.0887288176641	0.0493107275564	0.0442150268523	0.0356329803029	0.0610001218175	0.0773642653224	0.0851692127768
k__Bacteria;p__Proteobacteria;c__TA18	0.000348758637226	0.000164208106407	9.89927487812e-05	0.000404277996251	0.000727415980957	0.000447414377878	0.000580256763618	0.000404246202107	0.000225382232542	0.000117091121984	0.000346486703573	0.000184500710328	0.0	5.95030011826e-05	0.000554306379441	0.000770295480532	0.000346838881127	0.000552826412506	0.000107889566511	0.000460481715039	0.000517289403526	0.000336643662683	0.000159119538553	0.000145309613269	0.000136728489391	0.000451883136069	0.000240381216329	0.000213180655378	0.000231475527893	0.000233901030626
k__Bacteria;p__SBR1093;c__	0.0	4.10520266017e-05	0.0	0.0	0.0	0.0	0.0	0.0	0.0	0.0	0.0	0.0	0.0	0.0	0.0	0.0	0.0	0.0	3.9748787662e-05	0.0	0.0	2.17189459796e-05	0.0	0.0	0.0	0.0	2.82801430975e-05	0.000233483574938	0.0	2.92376288283e-05
k__Bacteria;p__SBR1093;c__VHS-B5-50	0.0	0.0	9.89927487812e-06	0.0	0.0	0.0	0.0	0.0	0.0	0.0	7.87469780847e-06	0.0	0.0	0.0	0.0	0.0	0.0	0.0	1.70351947123e-05	0.0	7.95829851578e-06	0.0	1.32599615461e-05	0.0	0.0	0.0	0.0	0.0	0.0	0.0
k__Bacteria;p__SR1;c__	4.35948296532e-05	0.0	0.0	2.75644088353e-05	1.66456746214e-05	0.0	0.0	0.0	0.0	0.0	0.0	0.0	0.0	0.0	0.0	0.0	0.0	0.0	0.0	0.0	0.0	0.0	1.32599615461e-05	0.0	0.0	0.0	0.0	0.0	0.0	2.92376288283e-05
k__Bacteria;p__Spirochaetes;c__Spirochaetes	0.0	0.0	3.95970995125e-05	0.00011944577162	1.72005304422e-05	0.0	0.0	1.61698480843e-05	7.86217090263e-05	8.36365157028e-06	7.87469780847e-06	0.0	0.0	0.000119006002365	9.38744674859e-05	1.20358668833e-05	4.88505466376e-06	2.09934080699e-05	5.67839823743e-06	0.0	0.0	0.0	1.32599615461e-05	6.91950539375e-06	1.60857046343e-05	0.0	0.0	0.0	0.0	0.0
k__Bacteria;p__Spirochaetes;c__[Leptospirae]	0.0	0.0	0.0	3.67525451137e-05	3.883990745e-06	0.000158759940537	0.0	2.42547721264e-05	0.0	8.36365157028e-06	0.0	3.0750118388e-05	0.0	0.000119006002365	5.81127655865e-05	0.0	8.79309839477e-05	0.0	3.40703894246e-05	0.0	7.95829851578e-06	5.97271014438e-05	0.0	6.91950539375e-06	1.60857046343e-05	2.60701809271e-05	0.0	0.0	2.57195030992e-05	0.0
k__Bacteria;p__TM6;c__SBRH58	2.17974148266e-05	4.10520266017e-05	6.92949241468e-05	0.0	5.60404378922e-05	0.000187625384271	2.90128381809e-05	0.0	8.38631562947e-05	2.50909547108e-05	0.000165368653978	5.53502130983e-05	0.0	0.0	4.47021273742e-06	4.81434675332e-05	9.28160386115e-05	0.0	5.11055841368e-05	6.39557937554e-05	7.95829851578e-05	5.42973649489e-05	1.32599615461e-05	6.22755485438e-05	0.00118229929062	6.08304221631e-05	0.000311081574073	2.03029195598e-05	2.57195030992e-05	4.38564432425e-05
k__Bacteria;p__TM6;c__SJA-4	0.00159121128234	0.00114945674485	0.000989927487812	0.001617111985	0.000828399740327	0.00150100307417	0.00107347501269	0.000444670822318	0.00194981838385	0.000476728139506	0.00128357574278	0.00119925461713	0.0	0.000855355642	0.000402319146368	0.00103508455196	0.0011724131193	0.00133658031378	0.00144799155054	0.000869798795073	0.00100274561299	0.0009556336231	0.00171716502022	0.00195822002643	0.00131902778001	0.00159897109686	0.00166852844275	0.000933934299752	0.00234047478203	0.000935604122506
k__Bacteria;p__TM7;c__	0.0	0.0	0.0	0.0	2.21942328286e-06	0.0	0.0	0.0	1.04828945368e-05	0.0	0.0	0.0	0.0	7.43787514783e-06	4.47021273742e-06	0.0	0.0	0.0	0.0	0.0	0.0	0.0	0.0	0.0	0.0	0.0	0.0	0.0	0.0	0.0
k__Bacteria;p__TM7;c__MJK10	0.0	0.0	2.96978246343e-05	9.18813627844e-06	5.54855820715e-07	2.8865443734e-05	7.97853049975e-05	5.6594468295e-05	3.66901308789e-05	3.34546062811e-05	3.14987912339e-05	2.46000947104e-05	0.0	7.43787514783e-06	1.78808509497e-05	0.0	1.9540218655e-05	0.0	2.83919911871e-05	3.83734762532e-05	2.38748955473e-05	2.71486824744e-05	6.62998077306e-05	0.0	3.21714092686e-05	6.95204824721e-05	0.000127260643939	0.000172574816259	0.0	8.77128864849e-05
k__Bacteria;p__TM7;c__SC3	0.000370556052052	0.000177892115274	3.95970995125e-05	0.000441030541365	8.65575080315e-05	0.000158759940537	0.000348154058171	0.000315312037643	0.000262072363421	0.000175636682976	0.000181118049595	0.000375151444333	0.00133868808568	0.000230574129583	0.000366557444469	0.000132394535716	0.000234482623861	0.000286909910288	8.51759735614e-05	0.000127911587511	0.000190999164379	0.000103164993403	7.95597692767e-05	0.000359814280475	0.000490613991346	9.55906633992e-05	0.000183820930134	6.09087586795e-05	2.57195030992e-05	0.000511658504495
k__Bacteria;p__TM7;c__TM7-1	0.0	0.0	0.0	9.18813627844e-06	5.71501495336e-05	0.0	0.0	4.85095442528e-05	1.04828945368e-05	8.36365157028e-06	0.0	0.0	0.0	2.97515005913e-05	0.0	0.0	1.9540218655e-05	0.0	5.67839823743e-06	0.0	0.0	0.0	0.0	6.91950539375e-06	0.0	1.7380120618e-05	0.0	0.0	0.0	0.0
k__Bacteria;p__TM7;c__TM7-3	0.0	0.0	0.0	0.0	2.60782235736e-05	0.0	0.0	0.0	0.0	0.0	0.0	0.0	0.0	0.0	1.34106382123e-05	0.0	0.0	0.0	0.0	0.0	0.0	0.0	0.0	0.0	0.0	0.0	0.0	0.0	0.0	0.0
k__Bacteria;p__Tenericutes;c__Mollicutes	2.17974148266e-05	0.000478940310353	0.000292028608904	3.67525451137e-05	0.000389508786142	0.000346385324808	0.00142162907086	0.000105104012548	5.24144726842e-05	4.18182578514e-05	3.14987912339e-05	0.000202950781361	0.0	0.000461148259165	0.000272682976983	0.0001444304026	3.41953826463e-05	0.00116863304922	0.000329347097771	0.00214891467018	0.000350165134694	4.8867628454e-05	3.31499038653e-05	0.00027678021575	0.000160857046343	0.000147731025253	0.000183820930134	0.000162423356479	2.57195030992e-05	2.92376288283e-05
k__Bacteria;p__Tenericutes;c__RF3	0.0	0.0	0.0	0.0	9.98740477287e-06	0.0	0.0	0.0	0.0	0.0	0.0	0.0	0.0	0.0	0.0	1.20358668833e-05	0.0	0.0	0.0	0.0	7.95829851578e-06	5.42973649489e-06	0.0	0.0	0.0	0.0	1.41400715488e-05	1.01514597799e-05	0.0	0.0
k__Bacteria;p__Verrucomicrobia;Other	0.0	0.0	0.0	0.0	8.32283731072e-06	0.0	0.0	0.0	0.0	0.0	0.0	0.0	0.0	0.0	0.0	0.0	0.0	0.0	5.67839823743e-06	0.0	0.0	0.0	0.0	6.91950539375e-06	0.0	0.0	2.82801430975e-05	0.0	0.0	0.0
k__Bacteria;p__Verrucomicrobia;c__	0.0	0.0	0.0	0.0	2.77427910357e-06	0.0	0.0	0.0	0.0	0.0	0.0	0.0	0.0	0.0	0.0	0.0	0.0	0.0	0.0	0.0	0.0	0.0	0.0	0.0	0.0	0.0	0.0	0.0	0.0	0.0
k__Bacteria;p__Verrucomicrobia;c__Opitutae	0.00972164701266	0.00684200443362	0.00352414185661	0.00733213275019	0.00980208292875	0.00254015904859	0.00573728875027	0.00204548578266	0.0108707616347	0.00428218960398	0.00401609588232	0.010873241862	0.00669344042838	0.00290077130765	0.00475183613988	0.00903893602937	0.00260373413578	0.00795650165848	0.00110160925806	0.00512925465918	0.00575384982691	0.00692834376748	0.00458794669495	0.00762529494392	0.00976402271301	0.00425812955142	0.00172508872895	0.00327892150891	0.0135541781333	0.00722169432059
k__Bacteria;p__Verrucomicrobia;c__Verruco-5	6.53922444798e-05	0.0	0.0	9.18813627844e-06	4.77176005815e-05	0.0	3.62660477261e-05	8.89341644635e-05	1.04828945368e-05	1.67273031406e-05	3.93734890424e-05	6.15002367759e-06	0.0	5.95030011826e-05	2.23510636871e-05	0.0	4.88505466376e-05	0.0	1.13567964749e-05	2.55823175021e-05	2.38748955473e-05	0.0	1.98899423192e-05	2.07585161813e-05	2.41285569514e-05	2.60701809271e-05	0.0	0.0	2.57195030992e-05	0.0
k__Bacteria;p__Verrucomicrobia;c__Verrucomicrobiae	0.00207075440853	0.00432414680205	0.00258866038063	0.00451137491271	0.0108435473042	0.00457517283184	0.00854428084427	0.00379182937576	0.00382625650595	0.00353782461423	0.00289001409571	0.00392986512998	0.00803212851406	0.00391232232776	0.00484571060737	0.00799181561052	0.00297499829023	0.00235126170382	0.0017603034536	0.0071886312181	0.00673272054435	0.00882875154069	0.00330173042498	0.00331444308361	0.0016889989866	0.00435372021482	0.00248865259258	0.00220286677224	0.0063012782593	0.00463416416929
k__Bacteria;p__Verrucomicrobia;c__[Methylacidiphilae]	0.000370556052052	0.000383152248283	0.000326676070978	0.000128633907898	0.000529332452962	0.000360818046675	0.000667295278161	0.000477010518486	0.000660422355821	0.000368000669092	0.000338612005764	0.00053505205995	0.0	0.000542964885791	0.000576657443128	0.000264789071433	0.000346838881127	0.00203636058278	0.000658694195541	0.000306987810026	0.000405873224305	0.000206329986806	0.00080222767354	0.000290619226538	0.0014074991555	0.000434503015451	0.000593883005048	0.000659844885695	0.000257195030992	0.000190044587384
k__Bacteria;p__Verrucomicrobia;c__[Pedosphaerae]	0.032434553262	0.0396288896795	0.0397406389982	0.0273714579735	0.0386762249829	0.0381312511727	0.0421484006673	0.0161698480843	0.0421359945908	0.0226404048007	0.0352077739017	0.029089611995	0.0307898259705	0.0601872856962	0.0387790954972	0.042498645965	0.0252752728303	0.038774824705	0.0246612835451	0.0227682625769	0.0457204249731	0.0257098023033	0.0374063515216	0.0161708841052	0.0531149967024	0.0309279246398	0.0273044781607	0.0252365290129	0.0228646382552	0.0306556538265
k__Bacteria;p__Verrucomicrobia;c__[Spartobacteria]	0.0648037142795	0.0684610963628	0.0587917935011	0.096190598699	0.0419704039905	0.0417538643613	0.144396895626	0.0438687978526	0.110196187371	0.0646761175929	0.0552095063352	0.0725948794903	0.0508701472557	0.050614740381	0.115107977989	0.0636817716796	0.0727286938341	0.120166267792	0.0617923296197	0.0531216822932	0.105590704707	0.0636962388215	0.0608300735928	0.0779828257876	0.0921389161452	0.170012339886	0.0522475643727	0.0160393064523	0.0231732722924	0.0482128499379
k__Bacteria;p__WPS-2;c__	0.000653922444798	2.73680177345e-05	9.89927487812e-06	4.59406813922e-05	4.99370238643e-06	5.77308874681e-05	5.07724668166e-05	5.6594468295e-05	0.000424557228742	6.69092125622e-05	7.87469780847e-06	0.000123000473552	0.0	7.43787514783e-06	5.36425528491e-05	6.01793344166e-05	2.93103279826e-05	0.00194538914781	3.9748787662e-05	2.55823175021e-05	4.77497910947e-05	5.97271014438e-05	8.61897500497e-05	0.000214504667206	6.43428185372e-05	4.34503015451e-05	0.0	7.10602184594e-05	5.14390061984e-05	0.000102331700899
k__Bacteria;p__WS1;c__	0.0	0.0	0.0	0.0	5.54855820715e-07	0.0	0.0	0.0	0.0	0.0	0.0	0.0	0.0	0.0	0.0	0.0	0.0	0.0	0.0	0.0	0.0	0.0	6.62998077306e-06	0.0	0.0	0.0	0.0	0.0	0.0	0.0
k__Bacteria;p__WS2;c__Kazan-3B-09	2.17974148266e-05	0.0	0.0	0.0	0.0	0.0	0.0	0.0	0.0	0.0	7.87469780847e-06	0.0	0.0	0.0	0.0	0.0	0.0	0.0	0.0	0.0	0.0	0.0	0.0	0.0	0.0	0.0	2.82801430975e-05	0.0	2.57195030992e-05	0.0
k__Bacteria;p__WS2;c__SHA-109	4.35948296532e-05	8.21040532034e-05	9.89927487812e-06	1.83762725569e-05	1.66456746214e-06	2.8865443734e-05	7.25320954522e-06	3.23396961686e-05	5.24144726842e-06	4.18182578514e-05	0.0	2.46000947104e-05	0.0	0.0	8.94042547485e-06	1.20358668833e-05	4.88505466376e-05	1.39956053799e-05	0.0	2.55823175021e-05	1.59165970316e-05	5.42973649489e-06	0.0	4.84365377563e-05	3.21714092686e-05	0.0	2.82801430975e-05	1.01514597799e-05	0.0	0.0
k__Bacteria;p__WS3;c__PRR-12	0.00272467685333	0.00473466706806	0.0110178929393	0.0024716086589	0.0107830680198	0.0269747571695	0.0112787408428	0.0130086427838	0.00458626635987	0.00861456111738	0.0185527880368	0.00610697351185	0.0053547523427	0.0302944654771	0.0112738765238	0.00338207859421	0.0137123484412	0.00166547704021	0.0195904739191	0.00816075928318	0.00546735108034	0.00614646171221	0.00876483458198	0.00202741508037	0.00807502372641	0.00798616542399	0.019866800526	0.00610102732773	0.000437231552686	0.00491192164315
k__Bacteria;p__WS4;c__	0.0	0.0	4.94963743906e-06	0.0	0.0	0.0	0.0	0.0	0.0	0.0	0.0	0.0	0.0	0.0	0.0	0.0	0.0	0.0	5.67839823743e-06	0.0	0.0	0.0	7.29297885036e-05	0.0	0.0	0.0	0.0	0.0	0.0	0.0
k__Bacteria;p__ZB3;c__BS119	0.0	0.0	0.0	0.0	1.10971164143e-06	0.0	0.0	8.08492404214e-06	0.0	0.0	1.57493956169e-05	0.0	0.0	2.23136254435e-05	4.47021273742e-06	0.0	1.46551639913e-05	0.0	1.13567964749e-05	0.0	0.0	0.0	0.0	0.0	0.0	0.0	0.0	0.0	0.0	0.0
k__Bacteria;p__[Caldithrix];c__KSB1	0.0	0.0	0.000153438760611	0.0	1.22068280557e-05	0.00014432721867	5.80256763618e-05	1.61698480843e-05	9.43460508316e-05	5.85455609919e-05	0.000283489121105	6.76502604535e-05	0.0	0.000535527010644	5.81127655865e-05	0.00010832280195	6.35057106289e-05	6.99780268996e-06	0.000880151726801	5.11646350043e-05	0.000190999164379	0.000271486824744	0.00015248955778	6.91950539375e-06	0.0	1.7380120618e-05	0.000381781931817	0.000121817517359	0.0	0.000102331700899
k__Bacteria;p__[Thermi];c__Deinococci	0.0	0.0	0.0	0.0	1.10971164143e-06	0.0	0.0	1.61698480843e-05	0.0	0.0	0.0	0.0	0.0	0.0	0.0	0.0	0.0	0.0	0.0	0.0	0.0	0.0	0.0	0.0	0.0	0.0	0.0	2.03029195598e-05	0.0	0.0